0,0.0283564,0.0566691,0.0848945,0.112989,0.140909,0.168612,0.196055,0.223196,0.249992,0.276403,0.302388,0.327907,0.352919,0.377388,0.401275,0.424543,0.447157,0.469081,0.490282,0.510726,0.530384,0.549223,0.567216,0.584334,0.600551,0.615842,0.630183,0.643553,0.65593,0.667296,0.677633,0.686925,0.695158,0.70232,0.708398,0.713384,0.71727,0.72005,0.721719,0.722276,0.721719,0.72005,0.71727,0.713384,0.708398,0.70232,0.695158,0.686925,0.677633,0.667296,0.65593,0.643553,0.630183,0.615842,0.600551,0.584334,0.567216,0.549223,0.530384,0.510726,0.490282,0.469081,0.447157,0.424543,0.401275,0.377388,0.352919,0.327907,0.302388,0.276403,0.249992,0.223196,0.196055,0.168612,0.140909,0.112989,0.0848945,0.0566691,0.0283564,-2.87267e-16,-0.0283564,-0.0566691,-0.0848945,-0.112989,-0.140909,-0.168612,-0.196055,-0.223196,-0.249992,-0.276403,-0.302388,-0.327907,-0.352919,-0.377388,-0.401275,-0.424543,-0.447157,-0.469081,-0.490282,-0.510726,-0.530384,-0.549223,-0.567216,-0.584334,-0.600551,-0.615842,-0.630183,-0.643553,-0.65593,-0.667296,-0.677633,-0.686925,-0.695158,-0.70232,-0.708398,-0.713384,-0.71727,-0.72005,-0.721719,-0.722276,-0.721719,-0.72005,-0.71727,-0.713384,-0.708398,-0.70232,-0.695158,-0.686925,-0.677633,-0.667296,-0.65593,-0.643553,-0.630183,-0.615842,-0.600551,-0.584334,-0.567216,-0.549223,-0.530384,-0.510726,-0.490282,-0.469081,-0.447157,-0.424543,-0.401275,-0.377388,-0.352919,-0.327907,-0.302388,-0.276403,-0.249992,-0.223196,-0.196055,-0.168612,-0.140909,-0.112989,-0.0848945,-0.0566691,-0.0283564,0
0,0.0293637,0.058682,0.0879099,0.117002,0.145914,0.174601,0.203019,0.231124,0.258872,0.286221,0.313129,0.339554,0.365455,0.390793,0.415529,0.439623,0.46304,0.485743,0.507697,0.528868,0.549223,0.568732,0.587363,0.605089,0.621883,0.637717,0.652567,0.666412,0.679229,0.690999,0.701703,0.711325,0.719851,0.727266,0.73356,0.738723,0.742747,0.745626,0.747355,0.747932,0.747355,0.745626,0.742747,0.738723,0.73356,0.727266,0.719851,0.711325,0.701703,0.690999,0.679229,0.666412,0.652567,0.637717,0.621883,0.605089,0.587363,0.568732,0.549223,0.528868,0.507697,0.485743,0.46304,0.439623,0.415529,0.390793,0.365455,0.339554,0.313129,0.286221,0.258872,0.231124,0.203019,0.174601,0.145914,0.117002,0.0879099,0.058682,0.0293637,1.24572e-16,-0.0293637,-0.058682,-0.0879099,-0.117002,-0.145914,-0.174601,-0.203019,-0.231124,-0.258872,-0.286221,-0.313129,-0.339554,-0.365455,-0.390793,-0.415529,-0.439623,-0.46304,-0.485743,-0.507697,-0.528868,-0.549223,-0.568732,-0.587363,-0.605089,-0.621883,-0.637717,-0.652567,-0.666412,-0.679229,-0.690999,-0.701703,-0.711325,-0.719851,-0.727266,-0.73356,-0.738723,-0.742747,-0.745626,-0.747355,-0.747932,-0.747355,-0.745626,-0.742747,-0.738723,-0.73356,-0.727266,-0.719851,-0.711325,-0.701703,-0.690999,-0.679229,-0.666412,-0.652567,-0.637717,-0.621883,-0.605089,-0.587363,-0.568732,-0.549223,-0.528868,-0.507697,-0.485743,-0.46304,-0.439623,-0.415529,-0.390793,-0.365455,-0.339554,-0.313129,-0.286221,-0.258872,-0.231124,-0.203019,-0.174601,-0.145914,-0.117002,-0.0879099,-0.058682,-0.0293637,0
0,0.0303256,0.0606045,0.0907899,0.120835,0.150694,0.180321,0.20967,0.238695,0.267353,0.295598,0.323387,0.350678,0.377428,0.403596,0.429141,0.454025,0.478209,0.501656,0.524329,0.546193,0.567216,0.587363,0.606606,0.624912,0.642255,0.658608,0.673946,0.688244,0.701481,0.713636,0.724691,0.734628,0.743433,0.751092,0.757592,0.762924,0.76708,0.770053,0.771839,0.772434,0.771839,0.770053,0.76708,0.762924,0.757592,0.751092,0.743433,0.734628,0.724691,0.713636,0.701481,0.688244,0.673946,0.658608,0.642255,0.624912,0.606606,0.587363,0.567216,0.546193,0.524329,0.501656,0.478209,0.454025,0.429141,0.403596,0.377428,0.350678,0.323387,0.295598,0.267353,0.238695,0.20967,0.180321,0.150694,0.120835,0.0907899,0.0606045,0.0303256,-2.74808e-16,-0.0303256,-0.0606045,-0.0907899,-0.120835,-0.150694,-0.180321,-0.20967,-0.238695,-0.267353,-0.295598,-0.323387,-0.350678,-0.377428,-0.403596,-0.429141,-0.454025,-0.478209,-0.501656,-0.524329,-0.546193,-0.567216,-0.587363,-0.606606,-0.624912,-0.642255,-0.658608,-0.673946,-0.688244,-0.701481,-0.713636,-0.724691,-0.734628,-0.743433,-0.751092,-0.757592,-0.762924,-0.76708,-0.770053,-0.771839,-0.772434,-0.771839,-0.770053,-0.76708,-0.762924,-0.757592,-0.751092,-0.743433,-0.734628,-0.724691,-0.713636,-0.701481,-0.688244,-0.673946,-0.658608,-0.642255,-0.624912,-0.606606,-0.587363,-0.567216,-0.546193,-0.524329,-0.501656,-0.478209,-0.454025,-0.429141,-0.403596,-0.377428,-0.350678,-0.323387,-0.295598,-0.267353,-0.238695,-0.20967,-0.180321,-0.150694,-0.120835,-0.0907899,-0.0606045,-0.0303256,0
0,0.0312408,0.0624335,0.0935298,0.124482,0.155242,0.185763,0.215997,0.245899,0.275421,0.304519,0.333147,0.361261,0.388818,0.415776,0.442092,0.467727,0.492641,0.516795,0.540153,0.562677,0.584334,0.605089,0.624912,0.643771,0.661638,0.678484,0.694285,0.709014,0.722651,0.735173,0.746561,0.756799,0.765869,0.773759,0.780455,0.785948,0.79023,0.793292,0.795132,0.795745,0.795132,0.793292,0.79023,0.785948,0.780455,0.773759,0.765869,0.756799,0.746561,0.735173,0.722651,0.709014,0.694285,0.678484,0.661638,0.643771,0.624912,0.605089,0.584334,0.562677,0.540153,0.516795,0.492641,0.467727,0.442092,0.415776,0.388818,0.361261,0.333147,0.304519,0.275421,0.245899,0.215997,0.185763,0.155242,0.124482,0.0935298,0.0624335,0.0312408,1.24465e-16,-0.0312408,-0.0624335,-0.0935298,-0.124482,-0.155242,-0.185763,-0.215997,-0.245899,-0.275421,-0.304519,-0.333147,-0.361261,-0.388818,-0.415776,-0.442092,-0.467727,-0.492641,-0.516795,-0.540153,-0.562677,-0.584334,-0.605089,-0.624912,-0.643771,-0.661638,-0.678484,-0.694285,-0.709014,-0.722651,-0.735173,-0.746561,-0.756799,-0.765869,-0.773759,-0.780455,-0.785948,-0.79023,-0.793292,-0.795132,-0.795745,-0.795132,-0.793292,-0.79023,-0.785948,-0.780455,-0.773759,-0.765869,-0.756799,-0.746561,-0.735173,-0.722651,-0.709014,-0.694285,-0.678484,-0.661638,-0.643771,-0.624912,-0.605089,-0.584334,-0.562677,-0.540153,-0.516795,-0.492641,-0.467727,-0.442092,-0.415776,-0.388818,-0.361261,-0.333147,-0.304519,-0.275421,-0.245899,-0.215997,-0.185763,-0.155242,-0.124482,-0.0935298,-0.0624335,-0.0312408,0
0,0.0321078,0.0641662,0.0961256,0.127937,0.159551,0.190919,0.221992,0.252723,0.283065,0.31297,0.342392,0.371287,0.399609,0.427315,0.454362,0.480708,0.506313,0.531138,0.555143,0.578293,0.600551,0.621883,0.642255,0.661638,0.68,0.697314,0.713553,0.728692,0.742706,0.755576,0.767281,0.777802,0.787124,0.795233,0.802115,0.807761,0.812161,0.815309,0.817199,0.81783,0.817199,0.815309,0.812161,0.807761,0.802115,0.795233,0.787124,0.777802,0.767281,0.755576,0.742706,0.728692,0.713553,0.697314,0.68,0.661638,0.642255,0.621883,0.600551,0.578293,0.555143,0.531138,0.506313,0.480708,0.454362,0.427315,0.399609,0.371287,0.342392,0.31297,0.283065,0.252723,0.221992,0.190919,0.159551,0.127937,0.0961256,0.0641662,0.0321078,-2.6678e-16,-0.0321078,-0.0641662,-0.0961256,-0.127937,-0.159551,-0.190919,-0.221992,-0.252723,-0.283065,-0.31297,-0.342392,-0.371287,-0.399609,-0.427315,-0.454362,-0.480708,-0.506313,-0.531138,-0.555143,-0.578293,-0.600551,-0.621883,-0.642255,-0.661638,-0.68,-0.697314,-0.713553,-0.728692,-0.742706,-0.755576,-0.767281,-0.777802,-0.787124,-0.795233,-0.802115,-0.807761,-0.812161,-0.815309,-0.817199,-0.81783,-0.817199,-0.815309,-0.812161,-0.807761,-0.802115,-0.795233,-0.787124,-0.777802,-0.767281,-0.755576,-0.742706,-0.728692,-0.713553,-0.697314,-0.68,-0.661638,-0.642255,-0.621883,-0.600551,-0.578293,-0.555143,-0.531138,-0.506313,-0.480708,-0.454362,-0.427315,-0.399609,-0.371287,-0.342392,-0.31297,-0.283065,-0.252723,-0.221992,-0.190919,-0.159551,-0.127937,-0.0961256,-0.0641662,-0.0321078,0
0,0.0329254,0.0657999,0.0985731,0.131194,0.163613,0.19578,0.227644,0.259158,0.290272,0.320939,0.35111,0.38074,0.409784,0.438195,0.465931,0.492948,0.519205,0.544661,0.569278,0.593017,0.615842,0.637717,0.658608,0.678484,0.697314,0.715069,0.731721,0.747245,0.761617,0.774814,0.786817,0.797606,0.807166,0.815481,0.822538,0.828328,0.83284,0.836068,0.838006,0.838653,0.838006,0.836068,0.83284,0.828328,0.822538,0.815481,0.807166,0.797606,0.786817,0.774814,0.761617,0.747245,0.731721,0.715069,0.697314,0.678484,0.658608,0.637717,0.615842,0.593017,0.569278,0.544661,0.519205,0.492948,0.465931,0.438195,0.409784,0.38074,0.35111,0.320939,0.290272,0.259158,0.227644,0.19578,0.163613,0.131194,0.0985731,0.0657999,0.0329254,1.22404e-16,-0.0329254,-0.0657999,-0.0985731,-0.131194,-0.163613,-0.19578,-0.227644,-0.259158,-0.290272,-0.320939,-0.35111,-0.38074,-0.409784,-0.438195,-0.465931,-0.492948,-0.519205,-0.544661,-0.569278,-0.593017,-0.615842,-0.637717,-0.658608,-0.678484,-0.697314,-0.715069,-0.731721,-0.747245,-0.761617,-0.774814,-0.786817,-0.797606,-0.807166,-0.815481,-0.822538,-0.828328,-0.83284,-0.836068,-0.838006,-0.838653,-0.838006,-0.836068,-0.83284,-0.828328,-0.822538,-0.815481,-0.807166,-0.797606,-0.786817,-0.774814,-0.761617,-0.747245,-0.731721,-0.715069,-0.697314,-0.678484,-0.658608,-0.637717,-0.615842,-0.593017,-0.569278,-0.544661,-0.519205,-0.492948,-0.465931,-0.438195,-0.409784,-0.38074,-0.35111,-0.320939,-0.290272,-0.259158,-0.227644,-0.19578,-0.163613,-0.131194,-0.0985731,-0.0657999,-0.0329254,0
0,0.0336921,0.0673323,0.100869,0.134249,0.167423,0.200339,0.232946,0.265193,0.297032,0.328412,0.359287,0.389607,0.419326,0.448399,0.476781,0.504427,0.531296,0.557345,0.582535,0.606827,0.630183,0.652567,0.673946,0.694285,0.713553,0.731721,0.748761,0.764647,0.779353,0.792858,0.80514,0.816181,0.825963,0.834471,0.841693,0.847617,0.852234,0.855537,0.857521,0.858183,0.857521,0.855537,0.852234,0.847617,0.841693,0.834471,0.825963,0.816181,0.80514,0.792858,0.779353,0.764647,0.748761,0.731721,0.713553,0.694285,0.673946,0.652567,0.630183,0.606827,0.582535,0.557345,0.531296,0.504427,0.476781,0.448399,0.419326,0.389607,0.359287,0.328412,0.297032,0.265193,0.232946,0.200339,0.167423,0.134249,0.100869,0.0673323,0.0336921,-2.56186e-16,-0.0336921,-0.0673323,-0.100869,-0.134249,-0.167423,-0.200339,-0.232946,-0.265193,-0.297032,-0.328412,-0.359287,-0.389607,-0.419326,-0.448399,-0.476781,-0.504427,-0.531296,-0.557345,-0.582535,-0.606827,-0.630183,-0.652567,-0.673946,-0.694285,-0.713553,-0.731721,-0.748761,-0.764647,-0.779353,-0.792858,-0.80514,-0.816181,-0.825963,-0.834471,-0.841693,-0.847617,-0.852234,-0.855537,-0.857521,-0.858183,-0.857521,-0.855537,-0.852234,-0.847617,-0.841693,-0.834471,-0.825963,-0.816181,-0.80514,-0.792858,-0.779353,-0.764647,-0.748761,-0.731721,-0.713553,-0.694285,-0.673946,-0.652567,-0.630183,-0.606827,-0.582535,-0.557345,-0.531296,-0.504427,-0.476781,-0.448399,-0.419326,-0.389607,-0.359287,-0.328412,-0.297032,-0.265193,-0.232946,-0.200339,-0.167423,-0.134249,-0.100869,-0.0673323,-0.0336921,0
0,0.0344069,0.0687608,0.103009,0.137098,0.170975,0.204589,0.237888,0.270819,0.303333,0.33538,0.366909,0.397873,0.428223,0.457912,0.486896,0.515129,0.542568,0.56917,0.594894,0.619701,0.643553,0.666412,0.688244,0.709014,0.728692,0.747245,0.764647,0.780869,0.795887,0.809679,0.822221,0.833496,0.843486,0.852175,0.85955,0.8656,0.870315,0.873688,0.875714,0.87639,0.875714,0.873688,0.870315,0.8656,0.85955,0.852175,0.843486,0.833496,0.822221,0.809679,0.795887,0.780869,0.764647,0.747245,0.728692,0.709014,0.688244,0.666412,0.643553,0.619701,0.594894,0.56917,0.542568,0.515129,0.486896,0.457912,0.428223,0.397873,0.366909,0.33538,0.303333,0.270819,0.237888,0.204589,0.170975,0.137098,0.103009,0.0687608,0.0344069,1.19707e-16,-0.0344069,-0.0687608,-0.103009,-0.137098,-0.170975,-0.204589,-0.237888,-0.270819,-0.303333,-0.33538,-0.366909,-0.397873,-0.428223,-0.457912,-0.486896,-0.515129,-0.542568,-0.56917,-0.594894,-0.619701,-0.643553,-0.666412,-0.688244,-0.709014,-0.728692,-0.747245,-0.764647,-0.780869,-0.795887,-0.809679,-0.822221,-0.833496,-0.843486,-0.852175,-0.85955,-0.8656,-0.870315,-0.873688,-0.875714,-0.87639,-0.875714,-0.873688,-0.870315,-0.8656,-0.85955,-0.852175,-0.843486,-0.833496,-0.822221,-0.809679,-0.795887,-0.780869,-0.764647,-0.747245,-0.728692,-0.709014,-0.688244,-0.666412,-0.643553,-0.619701,-0.594894,-0.56917,-0.542568,-0.515129,-0.486896,-0.457912,-0.428223,-0.397873,-0.366909,-0.33538,-0.303333,-0.270819,-0.237888,-0.204589,-0.170975,-0.137098,-0.103009,-0.0687608,-0.0344069,0
0,0.0350686,0.0700832,0.10499,0.139734,0.174264,0.208524,0.242463,0.276028,0.309167,0.34183,0.373966,0.405525,0.436459,0.466719,0.496261,0.525036,0.553003,0.580116,0.606336,0.63162,0.65593,0.679229,0.701481,0.722651,0.742706,0.761617,0.779353,0.795887,0.811195,0.825251,0.838035,0.849527,0.859709,0.868565,0.876082,0.882248,0.887054,0.890492,0.892557,0.893245,0.892557,0.890492,0.887054,0.882248,0.876082,0.868565,0.859709,0.849527,0.838035,0.825251,0.811195,0.795887,0.779353,0.761617,0.742706,0.722651,0.701481,0.679229,0.65593,0.63162,0.606336,0.580116,0.553003,0.525036,0.496261,0.466719,0.436459,0.405525,0.373966,0.34183,0.309167,0.276028,0.242463,0.208524,0.174264,0.139734,0.10499,0.0700832,0.0350686,-2.42511e-16,-0.0350686,-0.0700832,-0.10499,-0.139734,-0.174264,-0.208524,-0.242463,-0.276028,-0.309167,-0.34183,-0.373966,-0.405525,-0.436459,-0.466719,-0.496261,-0.525036,-0.553003,-0.580116,-0.606336,-0.63162,-0.65593,-0.679229,-0.701481,-0.722651,-0.742706,-0.761617,-0.779353,-0.795887,-0.811195,-0.825251,-0.838035,-0.849527,-0.859709,-0.868565,-0.876082,-0.882248,-0.887054,-0.890492,-0.892557,-0.893245,-0.892557,-0.890492,-0.887054,-0.882248,-0.876082,-0.868565,-0.859709,-0.849527,-0.838035,-0.825251,-0.811195,-0.795887,-0.779353,-0.761617,-0.742706,-0.722651,-0.701481,-0.679229,-0.65593,-0.63162,-0.606336,-0.580116,-0.553003,-0.525036,-0.496261,-0.466719,-0.436459,-0.405525,-0.373966,-0.34183,-0.309167,-0.276028,-0.242463,-0.208524,-0.174264,-0.139734,-0.10499,-0.0700832,-0.0350686,0
0,0.0356763,0.0712976,0.106809,0.142156,0.177283,0.212137,0.246664,0.280811,0.314525,0.347753,0.380446,0.412552,0.444022,0.474807,0.50486,0.534134,0.562585,0.590169,0.616842,0.642565,0.667296,0.690999,0.713636,0.735173,0.755576,0.774814,0.792858,0.809679,0.825251,0.839551,0.852557,0.864247,0.874606,0.883615,0.891263,0.897536,0.902425,0.905922,0.908023,0.908724,0.908023,0.905922,0.902425,0.897536,0.891263,0.883615,0.874606,0.864247,0.852557,0.839551,0.825251,0.809679,0.792858,0.774814,0.755576,0.735173,0.713636,0.690999,0.667296,0.642565,0.616842,0.590169,0.562585,0.534134,0.50486,0.474807,0.444022,0.412552,0.380446,0.347753,0.314525,0.280811,0.246664,0.212137,0.177283,0.142156,0.106809,0.0712976,0.0356763,1.20818e-16,-0.0356763,-0.0712976,-0.106809,-0.142156,-0.177283,-0.212137,-0.246664,-0.280811,-0.314525,-0.347753,-0.380446,-0.412552,-0.444022,-0.474807,-0.50486,-0.534134,-0.562585,-0.590169,-0.616842,-0.642565,-0.667296,-0.690999,-0.713636,-0.735173,-0.755576,-0.774814,-0.792858,-0.809679,-0.825251,-0.839551,-0.852557,-0.864247,-0.874606,-0.883615,-0.891263,-0.897536,-0.902425,-0.905922,-0.908023,-0.908724,-0.908023,-0.905922,-0.902425,-0.897536,-0.891263,-0.883615,-0.874606,-0.864247,-0.852557,-0.839551,-0.825251,-0.809679,-0.792858,-0.774814,-0.755576,-0.735173,-0.713636,-0.690999,-0.667296,-0.642565,-0.616842,-0.590169,-0.562585,-0.534134,-0.50486,-0.474807,-0.444022,-0.412552,-0.380446,-0.347753,-0.314525,-0.280811,-0.246664,-0.212137,-0.177283,-0.142156,-0.106809,-0.0712976,-0.0356763,0
0,0.036229,0.0724021,0.108464,0.144358,0.180029,0.215424,0.250485,0.285161,0.319397,0.35314,0.386339,0.418943,0.4509,0.482162,0.512681,0.542409,0.5713,0.599311,0.626398,0.652519,0.677633,0.701703,0.724691,0.746561,0.767281,0.786817,0.80514,0.822221,0.838035,0.852557,0.865764,0.877636,0.888154,0.897304,0.905069,0.911439,0.916404,0.919956,0.922089,0.922801,0.922089,0.919956,0.916404,0.911439,0.905069,0.897304,0.888154,0.877636,0.865764,0.852557,0.838035,0.822221,0.80514,0.786817,0.767281,0.746561,0.724691,0.701703,0.677633,0.652519,0.626398,0.599311,0.5713,0.542409,0.512681,0.482162,0.4509,0.418943,0.386339,0.35314,0.319397,0.285161,0.250485,0.215424,0.180029,0.144358,0.108464,0.0724021,0.036229,-2.2877e-16,-0.036229,-0.0724021,-0.108464,-0.144358,-0.180029,-0.215424,-0.250485,-0.285161,-0.319397,-0.35314,-0.386339,-0.418943,-0.4509,-0.482162,-0.512681,-0.542409,-0.5713,-0.599311,-0.626398,-0.652519,-0.677633,-0.701703,-0.724691,-0.746561,-0.767281,-0.786817,-0.80514,-0.822221,-0.838035,-0.852557,-0.865764,-0.877636,-0.888154,-0.897304,-0.905069,-0.911439,-0.916404,-0.919956,-0.922089,-0.922801,-0.922089,-0.919956,-0.916404,-0.911439,-0.905069,-0.897304,-0.888154,-0.877636,-0.865764,-0.852557,-0.838035,-0.822221,-0.80514,-0.786817,-0.767281,-0.746561,-0.724691,-0.701703,-0.677633,-0.652519,-0.626398,-0.599311,-0.5713,-0.542409,-0.512681,-0.482162,-0.4509,-0.418943,-0.386339,-0.35314,-0.319397,-0.285161,-0.250485,-0.215424,-0.180029,-0.144358,-0.108464,-0.0724021,-0.036229,0
0,0.0367258,0.0733949,0.109951,0.146337,0.182498,0.218378,0.25392,0.289071,0.323777,0.357983,0.391637,0.424688,0.457083,0.488774,0.519711,0.549846,0.579134,0.607529,0.634987,0.661466,0.686925,0.711325,0.734628,0.756799,0.777802,0.797606,0.816181,0.833496,0.849527,0.864247,0.877636,0.88967,0.900333,0.909608,0.91748,0.923938,0.928971,0.932571,0.934734,0.935455,0.934734,0.932571,0.928971,0.923938,0.91748,0.909608,0.900333,0.88967,0.877636,0.864247,0.849527,0.833496,0.816181,0.797606,0.777802,0.756799,0.734628,0.711325,0.686925,0.661466,0.634987,0.607529,0.579134,0.549846,0.519711,0.488774,0.457083,0.424688,0.391637,0.357983,0.323777,0.289071,0.25392,0.218378,0.182498,0.146337,0.109951,0.0733949,0.0367258,1.14573e-16,-0.0367258,-0.0733949,-0.109951,-0.146337,-0.182498,-0.218378,-0.25392,-0.289071,-0.323777,-0.357983,-0.391637,-0.424688,-0.457083,-0.488774,-0.519711,-0.549846,-0.579134,-0.607529,-0.634987,-0.661466,-0.686925,-0.711325,-0.734628,-0.756799,-0.777802,-0.797606,-0.816181,-0.833496,-0.849527,-0.864247,-0.877636,-0.88967,-0.900333,-0.909608,-0.91748,-0.923938,-0.928971,-0.932571,-0.934734,-0.935455,-0.934734,-0.932571,-0.928971,-0.923938,-0.91748,-0.909608,-0.900333,-0.88967,-0.877636,-0.864247,-0.849527,-0.833496,-0.816181,-0.797606,-0.777802,-0.756799,-0.734628,-0.711325,-0.686925,-0.661466,-0.634987,-0.607529,-0.579134,-0.549846,-0.519711,-0.488774,-0.457083,-0.424688,-0.391637,-0.357983,-0.323777,-0.289071,-0.25392,-0.218378,-0.182498,-0.146337,-0.109951,-0.0733949,-0.0367258,0
0,0.037166,0.0742746,0.111269,0.148091,0.184685,0.220995,0.256964,0.292536,0.327657,0.362274,0.396331,0.429778,0.462561,0.494632,0.52594,0.556437,0.586075,0.614811,0.642598,0.669394,0.695158,0.719851,0.743433,0.765869,0.787124,0.807166,0.825963,0.843486,0.859709,0.874606,0.888154,0.900333,0.911124,0.92051,0.928477,0.935011,0.940105,0.943748,0.945937,0.946666,0.945937,0.943748,0.940105,0.935011,0.928477,0.92051,0.911124,0.900333,0.888154,0.874606,0.859709,0.843486,0.825963,0.807166,0.787124,0.765869,0.743433,0.719851,0.695158,0.669394,0.642598,0.614811,0.586075,0.556437,0.52594,0.494632,0.462561,0.429778,0.396331,0.362274,0.327657,0.292536,0.256964,0.220995,0.184685,0.148091,0.111269,0.0742746,0.037166,-2.17956e-16,-0.037166,-0.0742746,-0.111269,-0.148091,-0.184685,-0.220995,-0.256964,-0.292536,-0.327657,-0.362274,-0.396331,-0.429778,-0.462561,-0.494632,-0.52594,-0.556437,-0.586075,-0.614811,-0.642598,-0.669394,-0.695158,-0.719851,-0.743433,-0.765869,-0.787124,-0.807166,-0.825963,-0.843486,-0.859709,-0.874606,-0.888154,-0.900333,-0.911124,-0.92051,-0.928477,-0.935011,-0.940105,-0.943748,-0.945937,-0.946666,-0.945937,-0.943748,-0.940105,-0.935011,-0.928477,-0.92051,-0.911124,-0.900333,-0.888154,-0.874606,-0.859709,-0.843486,-0.825963,-0.807166,-0.787124,-0.765869,-0.743433,-0.719851,-0.695158,-0.669394,-0.642598,-0.614811,-0.586075,-0.556437,-0.52594,-0.494632,-0.462561,-0.429778,-0.396331,-0.362274,-0.327657,-0.292536,-0.256964,-0.220995,-0.184685,-0.148091,-0.111269,-0.0742746,-0.037166,0
0,0.0375488,0.0750397,0.112415,0.149617,0.186588,0.223271,0.259611,0.29555,0.331033,0.366006,0.400414,0.434205,0.467326,0.499727,0.531358,0.562169,0.592113,0.621144,0.649218,0.67629,0.70232,0.727266,0.751092,0.773759,0.795233,0.815481,0.834471,0.852175,0.868565,0.883615,0.897304,0.909608,0.92051,0.929993,0.938041,0.944643,0.949789,0.95347,0.955681,0.956418,0.955681,0.95347,0.949789,0.944643,0.938041,0.929993,0.92051,0.909608,0.897304,0.883615,0.868565,0.852175,0.834471,0.815481,0.795233,0.773759,0.751092,0.727266,0.70232,0.67629,0.649218,0.621144,0.592113,0.562169,0.531358,0.499727,0.467326,0.434205,0.400414,0.366006,0.331033,0.29555,0.259611,0.223271,0.186588,0.149617,0.112415,0.0750397,0.0375488,1.12287e-16,-0.0375488,-0.0750397,-0.112415,-0.149617,-0.186588,-0.223271,-0.259611,-0.29555,-0.331033,-0.366006,-0.400414,-0.434205,-0.467326,-0.499727,-0.531358,-0.562169,-0.592113,-0.621144,-0.649218,-0.67629,-0.70232,-0.727266,-0.751092,-0.773759,-0.795233,-0.815481,-0.834471,-0.852175,-0.868565,-0.883615,-0.897304,-0.909608,-0.92051,-0.929993,-0.938041,-0.944643,-0.949789,-0.95347,-0.955681,-0.956418,-0.955681,-0.95347,-0.949789,-0.944643,-0.938041,-0.929993,-0.92051,-0.909608,-0.897304,-0.883615,-0.868565,-0.852175,-0.834471,-0.815481,-0.795233,-0.773759,-0.751092,-0.727266,-0.70232,-0.67629,-0.649218,-0.621144,-0.592113,-0.562169,-0.531358,-0.499727,-0.467326,-0.434205,-0.400414,-0.366006,-0.331033,-0.29555,-0.259611,-0.223271,-0.186588,-0.149617,-0.112415,-0.0750397,-0.0375488,0
0,0.0378738,0.0756892,0.113388,0.150912,0.188203,0.225204,0.261857,0.298107,0.333898,0.369173,0.403879,0.437963,0.471371,0.504052,0.535956,0.567034,0.597237,0.62652,0.654836,0.682143,0.708398,0.73356,0.757592,0.780455,0.802115,0.822538,0.841693,0.85955,0.876082,0.891263,0.905069,0.91748,0.928477,0.938041,0.946159,0.952819,0.958009,0.961722,0.963952,0.964696,0.963952,0.961722,0.958009,0.952819,0.946159,0.938041,0.928477,0.91748,0.905069,0.891263,0.876082,0.85955,0.841693,0.822538,0.802115,0.780455,0.757592,0.73356,0.708398,0.682143,0.654836,0.62652,0.597237,0.567034,0.535956,0.504052,0.471371,0.437963,0.403879,0.369173,0.333898,0.298107,0.261857,0.225204,0.188203,0.150912,0.113388,0.0756892,0.0378738,-2.07411e-16,-0.0378738,-0.0756892,-0.113388,-0.150912,-0.188203,-0.225204,-0.261857,-0.298107,-0.333898,-0.369173,-0.403879,-0.437963,-0.471371,-0.504052,-0.535956,-0.567034,-0.597237,-0.62652,-0.654836,-0.682143,-0.708398,-0.73356,-0.757592,-0.780455,-0.802115,-0.822538,-0.841693,-0.85955,-0.876082,-0.891263,-0.905069,-0.91748,-0.928477,-0.938041,-0.946159,-0.952819,-0.958009,-0.961722,-0.963952,-0.964696,-0.963952,-0.961722,-0.958009,-0.952819,-0.946159,-0.938041,-0.928477,-0.91748,-0.905069,-0.891263,-0.876082,-0.85955,-0.841693,-0.822538,-0.802115,-0.780455,-0.757592,-0.73356,-0.708398,-0.682143,-0.654836,-0.62652,-0.597237,-0.567034,-0.535956,-0.504052,-0.471371,-0.437963,-0.403879,-0.369173,-0.333898,-0.298107,-0.261857,-0.225204,-0.188203,-0.150912,-0.113388,-0.0756892,-0.0378738,0
0,0.0381403,0.0762219,0.114186,0.151974,0.189527,0.226789,0.2637,0.300206,0.336248,0.371771,0.406722,0.441045,0.474689,0.5076,0.539728,0.571025,0.601441,0.630929,0.659445,0.686944,0.713384,0.738723,0.762924,0.785948,0.807761,0.828328,0.847617,0.8656,0.882248,0.897536,0.911439,0.923938,0.935011,0.944643,0.952819,0.959525,0.964752,0.968491,0.970737,0.971486,0.970737,0.968491,0.964752,0.959525,0.952819,0.944643,0.935011,0.923938,0.911439,0.897536,0.882248,0.8656,0.847617,0.828328,0.807761,0.785948,0.762924,0.738723,0.713384,0.686944,0.659445,0.630929,0.601441,0.571025,0.539728,0.5076,0.474689,0.441045,0.406722,0.371771,0.336248,0.300206,0.2637,0.226789,0.189527,0.151974,0.114186,0.0762219,0.0381403,1.10812e-16,-0.0381403,-0.0762219,-0.114186,-0.151974,-0.189527,-0.226789,-0.2637,-0.300206,-0.336248,-0.371771,-0.406722,-0.441045,-0.474689,-0.5076,-0.539728,-0.571025,-0.601441,-0.630929,-0.659445,-0.686944,-0.713384,-0.738723,-0.762924,-0.785948,-0.807761,-0.828328,-0.847617,-0.8656,-0.882248,-0.897536,-0.911439,-0.923938,-0.935011,-0.944643,-0.952819,-0.959525,-0.964752,-0.968491,-0.970737,-0.971486,-0.970737,-0.968491,-0.964752,-0.959525,-0.952819,-0.944643,-0.935011,-0.923938,-0.911439,-0.897536,-0.882248,-0.8656,-0.847617,-0.828328,-0.807761,-0.785948,-0.762924,-0.738723,-0.713384,-0.686944,-0.659445,-0.630929,-0.601441,-0.571025,-0.539728,-0.5076,-0.474689,-0.441045,-0.406722,-0.371771,-0.336248,-0.300206,-0.2637,-0.226789,-0.189527,-0.151974,-0.114186,-0.0762219,-0.0381403,0
0,0.0383481,0.0766371,0.114808,0.152802,0.19056,0.228024,0.265137,0.301841,0.338079,0.373797,0.408937,0.443448,0.477274,0.510365,0.542668,0.574135,0.604717,0.634366,0.663037,0.690686,0.71727,0.742747,0.76708,0.79023,0.812161,0.83284,0.852234,0.870315,0.887054,0.902425,0.916404,0.928971,0.940105,0.949789,0.958009,0.964752,0.970007,0.973766,0.976024,0.976777,0.976024,0.973766,0.970007,0.964752,0.958009,0.949789,0.940105,0.928971,0.916404,0.902425,0.887054,0.870315,0.852234,0.83284,0.812161,0.79023,0.76708,0.742747,0.71727,0.690686,0.663037,0.634366,0.604717,0.574135,0.542668,0.510365,0.477274,0.443448,0.408937,0.373797,0.338079,0.301841,0.265137,0.228024,0.19056,0.152802,0.114808,0.0766371,0.0383481,-1.92248e-16,-0.0383481,-0.0766371,-0.114808,-0.152802,-0.19056,-0.228024,-0.265137,-0.301841,-0.338079,-0.373797,-0.408937,-0.443448,-0.477274,-0.510365,-0.542668,-0.574135,-0.604717,-0.634366,-0.663037,-0.690686,-0.71727,-0.742747,-0.76708,-0.79023,-0.812161,-0.83284,-0.852234,-0.870315,-0.887054,-0.902425,-0.916404,-0.928971,-0.940105,-0.949789,-0.958009,-0.964752,-0.970007,-0.973766,-0.976024,-0.976777,-0.976024,-0.973766,-0.970007,-0.964752,-0.958009,-0.949789,-0.940105,-0.928971,-0.916404,-0.902425,-0.887054,-0.870315,-0.852234,-0.83284,-0.812161,-0.79023,-0.76708,-0.742747,-0.71727,-0.690686,-0.663037,-0.634366,-0.604717,-0.574135,-0.542668,-0.510365,-0.477274,-0.443448,-0.408937,-0.373797,-0.338079,-0.301841,-0.265137,-0.228024,-0.19056,-0.152802,-0.114808,-0.0766371,-0.0383481,0
0,0.0384967,0.0769341,0.115253,0.153394,0.191298,0.228908,0.266165,0.303011,0.33939,0.375245,0.410522,0.445166,0.479124,0.512343,0.544772,0.576361,0.607061,0.636825,0.665607,0.693363,0.72005,0.745626,0.770053,0.793292,0.815309,0.836068,0.855537,0.873688,0.890492,0.905922,0.919956,0.932571,0.943748,0.95347,0.961722,0.968491,0.973766,0.97754,0.979807,0.980563,0.979807,0.97754,0.973766,0.968491,0.961722,0.95347,0.943748,0.932571,0.919956,0.905922,0.890492,0.873688,0.855537,0.836068,0.815309,0.793292,0.770053,0.745626,0.72005,0.693363,0.665607,0.636825,0.607061,0.576361,0.544772,0.512343,0.479124,0.445166,0.410522,0.375245,0.33939,0.303011,0.266165,0.228908,0.191298,0.153394,0.115253,0.0769341,0.0384967,1.10032e-16,-0.0384967,-0.0769341,-0.115253,-0.153394,-0.191298,-0.228908,-0.266165,-0.303011,-0.33939,-0.375245,-0.410522,-0.445166,-0.479124,-0.512343,-0.544772,-0.576361,-0.607061,-0.636825,-0.665607,-0.693363,-0.72005,-0.745626,-0.770053,-0.793292,-0.815309,-0.836068,-0.855537,-0.873688,-0.890492,-0.905922,-0.919956,-0.932571,-0.943748,-0.95347,-0.961722,-0.968491,-0.973766,-0.97754,-0.979807,-0.980563,-0.979807,-0.97754,-0.973766,-0.968491,-0.961722,-0.95347,-0.943748,-0.932571,-0.919956,-0.905922,-0.890492,-0.873688,-0.855537,-0.836068,-0.815309,-0.793292,-0.770053,-0.745626,-0.72005,-0.693363,-0.665607,-0.636825,-0.607061,-0.576361,-0.544772,-0.512343,-0.479124,-0.445166,-0.410522,-0.375245,-0.33939,-0.303011,-0.266165,-0.228908,-0.191298,-0.153394,-0.115253,-0.0769341,-0.0384967,0
0,0.038586,0.0771125,0.11552,0.15375,0.191742,0.229439,0.266782,0.303713,0.340177,0.376115,0.411474,0.446199,0.480235,0.513531,0.546035,0.577697,0.608468,0.638302,0.66715,0.694971,0.721719,0.747355,0.771839,0.795132,0.817199,0.838006,0.857521,0.875714,0.892557,0.908023,0.922089,0.934734,0.945937,0.955681,0.963952,0.970737,0.976024,0.979807,0.982079,0.982837,0.982079,0.979807,0.976024,0.970737,0.963952,0.955681,0.945937,0.934734,0.922089,0.908023,0.892557,0.875714,0.857521,0.838006,0.817199,0.795132,0.771839,0.747355,0.721719,0.694971,0.66715,0.638302,0.608468,0.577697,0.546035,0.513531,0.480235,0.446199,0.411474,0.376115,0.340177,0.303713,0.266782,0.229439,0.191742,0.15375,0.11552,0.0771125,0.038586,-1.80673e-16,-0.038586,-0.0771125,-0.11552,-0.15375,-0.191742,-0.229439,-0.266782,-0.303713,-0.340177,-0.376115,-0.411474,-0.446199,-0.480235,-0.513531,-0.546035,-0.577697,-0.608468,-0.638302,-0.66715,-0.694971,-0.721719,-0.747355,-0.771839,-0.795132,-0.817199,-0.838006,-0.857521,-0.875714,-0.892557,-0.908023,-0.922089,-0.934734,-0.945937,-0.955681,-0.963952,-0.970737,-0.976024,-0.979807,-0.982079,-0.982837,-0.982079,-0.979807,-0.976024,-0.970737,-0.963952,-0.955681,-0.945937,-0.934734,-0.922089,-0.908023,-0.892557,-0.875714,-0.857521,-0.838006,-0.817199,-0.795132,-0.771839,-0.747355,-0.721719,-0.694971,-0.66715,-0.638302,-0.608468,-0.577697,-0.546035,-0.513531,-0.480235,-0.446199,-0.411474,-0.376115,-0.340177,-0.303713,-0.266782,-0.229439,-0.191742,-0.15375,-0.11552,-0.0771125,-0.038586,0
0,0.0386158,0.077172,0.115609,0.153868,0.19189,0.229616,0.266988,0.303948,0.340439,0.376406,0.411792,0.446543,0.480606,0.513927,0.546456,0.578143,0.608938,0.638794,0.667665,0.695507,0.722276,0.747932,0.772434,0.795745,0.81783,0.838653,0.858183,0.87639,0.893245,0.908724,0.922801,0.935455,0.946666,0.956418,0.964696,0.971486,0.976777,0.980563,0.982837,0.983595,0.982837,0.980563,0.976777,0.971486,0.964696,0.956418,0.946666,0.935455,0.922801,0.908724,0.893245,0.87639,0.858183,0.838653,0.81783,0.795745,0.772434,0.747932,0.722276,0.695507,0.667665,0.638794,0.608938,0.578143,0.546456,0.513927,0.480606,0.446543,0.411792,0.376406,0.340439,0.303948,0.266988,0.229616,0.19189,0.153868,0.115609,0.077172,0.0386158,1.03983e-16,-0.0386158,-0.077172,-0.115609,-0.153868,-0.19189,-0.229616,-0.266988,-0.303948,-0.340439,-0.376406,-0.411792,-0.446543,-0.480606,-0.513927,-0.546456,-0.578143,-0.608938,-0.638794,-0.667665,-0.695507,-0.722276,-0.747932,-0.772434,-0.795745,-0.81783,-0.838653,-0.858183,-0.87639,-0.893245,-0.908724,-0.922801,-0.935455,-0.946666,-0.956418,-0.964696,-0.971486,-0.976777,-0.980563,-0.982837,-0.983595,-0.982837,-0.980563,-0.976777,-0.971486,-0.964696,-0.956418,-0.946666,-0.935455,-0.922801,-0.908724,-0.893245,-0.87639,-0.858183,-0.838653,-0.81783,-0.795745,-0.772434,-0.747932,-0.722276,-0.695507,-0.667665,-0.638794,-0.608938,-0.578143,-0.546456,-0.513927,-0.480606,-0.446543,-0.411792,-0.376406,-0.340439,-0.303948,-0.266988,-0.229616,-0.19189,-0.153868,-0.115609,-0.077172,-0.0386158,0
