0,-0.104199,-0.208238,-0.311956,-0.415192,-0.517788,-0.619586,-0.720429,-0.820161,-0.918628,-1.01568,-1.11116,-1.20493,-1.29685,-1.38676,-1.47454,-1.56004,-1.64313,-1.7237,-1.8016,-1.87673,-1.94896,-2.01819,-2.08431,-2.14721,-2.2068,-2.26299,-2.31569,-2.36482,-2.4103,-2.45206,-2.49005,-2.5242,-2.55445,-2.58076,-2.6031,-2.62142,-2.6357,-2.64591,-2.65205,-2.6541,-2.65205,-2.64591,-2.6357,-2.62142,-2.6031,-2.58076,-2.55445,-2.5242,-2.49005,-2.45206,-2.4103,-2.36482,-2.31569,-2.26299,-2.2068,-2.14721,-2.08431,-2.01819,-1.94896,-1.87673,-1.8016,-1.7237,-1.64313,-1.56004,-1.47454,-1.38676,-1.29685,-1.20493,-1.11116,-1.01568,-0.918628,-0.820161,-0.720429,-0.619586,-0.517788,-0.415192,-0.311956,-0.208238,-0.104199,-4.95238e-17,0.104199,0.208238,0.311956,0.415192,0.517788,0.619586,0.720429,0.820161,0.918628,1.01568,1.11116,1.20493,1.29685,1.38676,1.47454,1.56004,1.64313,1.7237,1.8016,1.87673,1.94896,2.01819,2.08431,2.14721,2.2068,2.26299,2.31569,2.36482,2.4103,2.45206,2.49005,2.5242,2.55445,2.58076,2.6031,2.62142,2.6357,2.64591,2.65205,2.6541,2.65205,2.64591,2.6357,2.62142,2.6031,2.58076,2.55445,2.5242,2.49005,2.45206,2.4103,2.36482,2.31569,2.26299,2.2068,2.14721,2.08431,2.01819,1.94896,1.87673,1.8016,1.7237,1.64313,1.56004,1.47454,1.38676,1.29685,1.20493,1.11116,1.01568,0.918628,0.820161,0.720429,0.619586,0.517788,0.415192,0.311956,0.208238,0.104199,0
0,-0.103958,-0.207756,-0.311234,-0.414232,-0.516591,-0.618153,-0.718762,-0.818263,-0.916503,-1.01333,-1.10859,-1.20215,-1.29385,-1.38355,-1.47113,-1.55643,-1.63933,-1.71971,-1.79743,-1.87239,-1.94445,-2.01352,-2.07948,-2.14224,-2.20169,-2.25775,-2.31033,-2.35935,-2.40472,-2.44639,-2.48429,-2.51836,-2.54854,-2.57479,-2.59708,-2.61535,-2.6296,-2.63979,-2.64591,-2.64796,-2.64591,-2.63979,-2.6296,-2.61535,-2.59708,-2.57479,-2.54854,-2.51836,-2.48429,-2.44639,-2.40472,-2.35935,-2.31033,-2.25775,-2.20169,-2.14224,-2.07948,-2.01352,-1.94445,-1.87239,-1.79743,-1.71971,-1.63933,-1.55643,-1.47113,-1.38355,-1.29385,-1.20215,-1.10859,-1.01333,-0.916503,-0.818263,-0.718762,-0.618153,-0.516591,-0.414232,-0.311234,-0.207756,-0.103958,6.11179e-16,0.103958,0.207756,0.311234,0.414232,0.516591,0.618153,0.718762,0.818263,0.916503,1.01333,1.10859,1.20215,1.29385,1.38355,1.47113,1.55643,1.63933,1.71971,1.79743,1.87239,1.94445,2.01352,2.07948,2.14224,2.20169,2.25775,2.31033,2.35935,2.40472,2.44639,2.48429,2.51836,2.54854,2.57479,2.59708,2.61535,2.6296,2.63979,2.64591,2.64796,2.64591,2.63979,2.6296,2.61535,2.59708,2.57479,2.54854,2.51836,2.48429,2.44639,2.40472,2.35935,2.31033,2.25775,2.20169,2.14224,2.07948,2.01352,1.94445,1.87239,1.79743,1.71971,1.63933,1.55643,1.47113,1.38355,1.29385,1.20215,1.10859,1.01333,0.916503,0.818263,0.718762,0.618153,0.516591,0.414232,0.311234,0.207756,0.103958,0
0,-0.103557,-0.206954,-0.310032,-0.412632,-0.514596,-0.615766,-0.715987,-0.815104,-0.912964,-1.00942,-1.10431,-1.19751,-1.28885,-1.37821,-1.46545,-1.55042,-1.633,-1.71307,-1.79049,-1.86516,-1.93695,-2.00575,-2.07146,-2.13397,-2.19319,-2.24904,-2.30141,-2.35024,-2.39544,-2.43695,-2.4747,-2.50863,-2.5387,-2.56485,-2.58705,-2.60526,-2.61945,-2.6296,-2.6357,-2.63773,-2.6357,-2.6296,-2.61945,-2.60526,-2.58705,-2.56485,-2.5387,-2.50863,-2.4747,-2.43695,-2.39544,-2.35024,-2.30141,-2.24904,-2.19319,-2.13397,-2.07146,-2.00575,-1.93695,-1.86516,-1.79049,-1.71307,-1.633,-1.55042,-1.46545,-1.37821,-1.28885,-1.19751,-1.10431,-1.00942,-0.912964,-0.815104,-0.715987,-0.615766,-0.514596,-0.412632,-0.310032,-0.206954,-0.103557,-3.76141e-17,0.103557,0.206954,0.310032,0.412632,0.514596,0.615766,0.715987,0.815104,0.912964,1.00942,1.10431,1.19751,1.28885,1.37821,1.46545,1.55042,1.633,1.71307,1.79049,1.86516,1.93695,2.00575,2.07146,2.13397,2.19319,2.24904,2.30141,2.35024,2.39544,2.43695,2.4747,2.50863,2.5387,2.56485,2.58705,2.60526,2.61945,2.6296,2.6357,2.63773,2.6357,2.6296,2.61945,2.60526,2.58705,2.56485,2.5387,2.50863,2.4747,2.43695,2.39544,2.35024,2.30141,2.24904,2.19319,2.13397,2.07146,2.00575,1.93695,1.86516,1.79049,1.71307,1.633,1.55042,1.46545,1.37821,1.28885,1.19751,1.10431,1.00942,0.912964,0.815104,0.715987,0.615766,0.514596,0.412632,0.310032,0.206954,0.103557,0
0,-0.102996,-0.205833,-0.308353,-0.410397,-0.511808,-0.61243,-0.712108,-0.810688,-0.908018,-1.00395,-1.09833,-1.19102,-1.28187,-1.37074,-1.45751,-1.54202,-1.62416,-1.70379,-1.78079,-1.85505,-1.92645,-1.99488,-2.06023,-2.12241,-2.18131,-2.23685,-2.28894,-2.3375,-2.38246,-2.42374,-2.46129,-2.49504,-2.52495,-2.55096,-2.57303,-2.59114,-2.60526,-2.61535,-2.62142,-2.62344,-2.62142,-2.61535,-2.60526,-2.59114,-2.57303,-2.55096,-2.52495,-2.49504,-2.46129,-2.42374,-2.38246,-2.3375,-2.28894,-2.23685,-2.18131,-2.12241,-2.06023,-1.99488,-1.92645,-1.85505,-1.78079,-1.70379,-1.62416,-1.54202,-1.45751,-1.37074,-1.28187,-1.19102,-1.09833,-1.00395,-0.908018,-0.810688,-0.712108,-0.61243,-0.511808,-0.410397,-0.308353,-0.205833,-0.102996,5.55967e-16,0.102996,0.205833,0.308353,0.410397,0.511808,0.61243,0.712108,0.810688,0.908018,1.00395,1.09833,1.19102,1.28187,1.37074,1.45751,1.54202,1.62416,1.70379,1.78079,1.85505,1.92645,1.99488,2.06023,2.12241,2.18131,2.23685,2.28894,2.3375,2.38246,2.42374,2.46129,2.49504,2.52495,2.55096,2.57303,2.59114,2.60526,2.61535,2.62142,2.62344,2.62142,2.61535,2.60526,2.59114,2.57303,2.55096,2.52495,2.49504,2.46129,2.42374,2.38246,2.3375,2.28894,2.23685,2.18131,2.12241,2.06023,1.99488,1.92645,1.85505,1.78079,1.70379,1.62416,1.54202,1.45751,1.37074,1.28187,1.19102,1.09833,1.00395,0.908018,0.810688,0.712108,0.61243,0.511808,0.410397,0.308353,0.205833,0.102996,0
0,-0.102276,-0.204394,-0.306197,-0.407528,-0.508231,-0.60815,-0.707131,-0.805022,-0.901672,-0.996931,-1.09065,-1.18269,-1.27291,-1.36116,-1.44732,-1.53124,-1.61281,-1.69188,-1.76835,-1.84209,-1.91299,-1.98094,-2.04583,-2.10758,-2.16607,-2.22122,-2.27295,-2.32117,-2.36581,-2.4068,-2.44409,-2.4776,-2.5073,-2.53313,-2.55505,-2.57303,-2.58705,-2.59708,-2.6031,-2.60511,-2.6031,-2.59708,-2.58705,-2.57303,-2.55505,-2.53313,-2.5073,-2.4776,-2.44409,-2.4068,-2.36581,-2.32117,-2.27295,-2.22122,-2.16607,-2.10758,-2.04583,-1.98094,-1.91299,-1.84209,-1.76835,-1.69188,-1.61281,-1.53124,-1.44732,-1.36116,-1.27291,-1.18269,-1.09065,-0.996931,-0.901672,-0.805022,-0.707131,-0.60815,-0.508231,-0.407528,-0.306197,-0.204394,-0.102276,-3.16651e-17,0.102276,0.204394,0.306197,0.407528,0.508231,0.60815,0.707131,0.805022,0.901672,0.996931,1.09065,1.18269,1.27291,1.36116,1.44732,1.53124,1.61281,1.69188,1.76835,1.84209,1.91299,1.98094,2.04583,2.10758,2.16607,2.22122,2.27295,2.32117,2.36581,2.4068,2.44409,2.4776,2.5073,2.53313,2.55505,2.57303,2.58705,2.59708,2.6031,2.60511,2.6031,2.59708,2.58705,2.57303,2.55505,2.53313,2.5073,2.4776,2.44409,2.4068,2.36581,2.32117,2.27295,2.22122,2.16607,2.10758,2.04583,1.98094,1.91299,1.84209,1.76835,1.69188,1.61281,1.53124,1.44732,1.36116,1.27291,1.18269,1.09065,0.996931,0.901672,0.805022,0.707131,0.60815,0.508231,0.407528,0.306197,0.204394,0.102276,0
0,-0.101398,-0.202641,-0.30357,-0.404032,-0.50387,-0.602932,-0.701064,-0.798115,-0.893935,-0.988377,-1.0813,-1.17255,-1.26199,-1.34949,-1.4349,-1.5181,-1.59897,-1.67736,-1.75318,-1.82628,-1.89657,-1.96394,-2.02828,-2.08949,-2.14748,-2.20216,-2.25344,-2.30125,-2.34551,-2.38615,-2.42312,-2.45635,-2.48579,-2.51139,-2.53313,-2.55096,-2.56485,-2.57479,-2.58076,-2.58275,-2.58076,-2.57479,-2.56485,-2.55096,-2.53313,-2.51139,-2.48579,-2.45635,-2.42312,-2.38615,-2.34551,-2.30125,-2.25344,-2.20216,-2.14748,-2.08949,-2.02828,-1.96394,-1.89657,-1.82628,-1.75318,-1.67736,-1.59897,-1.5181,-1.4349,-1.34949,-1.26199,-1.17255,-1.0813,-0.988377,-0.893935,-0.798115,-0.701064,-0.602932,-0.50387,-0.404032,-0.30357,-0.202641,-0.101398,5.0357e-16,0.101398,0.202641,0.30357,0.404032,0.50387,0.602932,0.701064,0.798115,0.893935,0.988377,1.0813,1.17255,1.26199,1.34949,1.4349,1.5181,1.59897,1.67736,1.75318,1.82628,1.89657,1.96394,2.02828,2.08949,2.14748,2.20216,2.25344,2.30125,2.34551,2.38615,2.42312,2.45635,2.48579,2.51139,2.53313,2.55096,2.56485,2.57479,2.58076,2.58275,2.58076,2.57479,2.56485,2.55096,2.53313,2.51139,2.48579,2.45635,2.42312,2.38615,2.34551,2.30125,2.25344,2.20216,2.14748,2.08949,2.02828,1.96394,1.89657,1.82628,1.75318,1.67736,1.59897,1.5181,1.4349,1.34949,1.26199,1.17255,1.0813,0.988377,0.893935,0.798115,0.701064,0.602932,0.50387,0.404032,0.30357,0.202641,0.101398,0
0,-0.100365,-0.200574,-0.300475,-0.399912,-0.498733,-0.596784,-0.693916,-0.789977,-0.88482,-0.978299,-1.07027,-1.16059,-1.24912,-1.33573,-1.42027,-1.50263,-1.58266,-1.66026,-1.7353,-1.80766,-1.87724,-1.94392,-2.0076,-2.06819,-2.12559,-2.17971,-2.23047,-2.27779,-2.32159,-2.36182,-2.39841,-2.4313,-2.46044,-2.48579,-2.5073,-2.52495,-2.5387,-2.54854,-2.55445,-2.55642,-2.55445,-2.54854,-2.5387,-2.52495,-2.5073,-2.48579,-2.46044,-2.4313,-2.39841,-2.36182,-2.32159,-2.27779,-2.23047,-2.17971,-2.12559,-2.06819,-2.0076,-1.94392,-1.87724,-1.80766,-1.7353,-1.66026,-1.58266,-1.50263,-1.42027,-1.33573,-1.24912,-1.16059,-1.07027,-0.978299,-0.88482,-0.789977,-0.693916,-0.596784,-0.498733,-0.399912,-0.300475,-0.200574,-0.100365,-3.10069e-17,0.100365,0.200574,0.300475,0.399912,0.498733,0.596784,0.693916,0.789977,0.88482,0.978299,1.07027,1.16059,1.24912,1.33573,1.42027,1.50263,1.58266,1.66026,1.7353,1.80766,1.87724,1.94392,2.0076,2.06819,2.12559,2.17971,2.23047,2.27779,2.32159,2.36182,2.39841,2.4313,2.46044,2.48579,2.5073,2.52495,2.5387,2.54854,2.55445,2.55642,2.55445,2.54854,2.5387,2.52495,2.5073,2.48579,2.46044,2.4313,2.39841,2.36182,2.32159,2.27779,2.23047,2.17971,2.12559,2.06819,2.0076,1.94392,1.87724,1.80766,1.7353,1.66026,1.58266,1.50263,1.42027,1.33573,1.24912,1.16059,1.07027,0.978299,0.88482,0.789977,0.693916,0.596784,0.498733,0.399912,0.300475,0.200574,0.100365,0
0,-0.0991759,-0.198199,-0.296916,-0.395176,-0.492826,-0.589716,-0.685697,-0.780621,-0.874341,-0.966713,-1.05759,-1.14684,-1.23433,-1.31991,-1.40345,-1.48483,-1.56392,-1.6406,-1.71475,-1.78625,-1.855,-1.92089,-1.98382,-2.04369,-2.10041,-2.15389,-2.20405,-2.25081,-2.2941,-2.33385,-2.37001,-2.4025,-2.4313,-2.45635,-2.4776,-2.49504,-2.50863,-2.51836,-2.5242,-2.52614,-2.5242,-2.51836,-2.50863,-2.49504,-2.4776,-2.45635,-2.4313,-2.4025,-2.37001,-2.33385,-2.2941,-2.25081,-2.20405,-2.15389,-2.10041,-2.04369,-1.98382,-1.92089,-1.855,-1.78625,-1.71475,-1.6406,-1.56392,-1.48483,-1.40345,-1.31991,-1.23433,-1.14684,-1.05759,-0.966713,-0.874341,-0.780621,-0.685697,-0.589716,-0.492826,-0.395176,-0.296916,-0.198199,-0.0991759,4.64435e-16,0.0991759,0.198199,0.296916,0.395176,0.492826,0.589716,0.685697,0.780621,0.874341,0.966713,1.05759,1.14684,1.23433,1.31991,1.40345,1.48483,1.56392,1.6406,1.71475,1.78625,1.855,1.92089,1.98382,2.04369,2.10041,2.15389,2.20405,2.25081,2.2941,2.33385,2.37001,2.4025,2.4313,2.45635,2.4776,2.49504,2.50863,2.51836,2.5242,2.52614,2.5242,2.51836,2.50863,2.49504,2.4776,2.45635,2.4313,2.4025,2.37001,2.33385,2.2941,2.25081,2.20405,2.15389,2.10041,2.04369,1.98382,1.92089,1.855,1.78625,1.71475,1.6406,1.56392,1.48483,1.40345,1.31991,1.23433,1.14684,1.05759,0.966713,0.874341,0.780621,0.685697,0.589716,0.492826,0.395176,0.296916,0.198199,0.0991759,0
0,-0.0978343,-0.195518,-0.2929,-0.38983,-0.486159,-0.581739,-0.676422,-0.770061,-0.862514,-0.953636,-1.04329,-1.13133,-1.21763,-1.30205,-1.38446,-1.46474,-1.54276,-1.61841,-1.69155,-1.76209,-1.82991,-1.89491,-1.95699,-2.01605,-2.072,-2.12475,-2.17423,-2.22036,-2.26307,-2.30228,-2.33795,-2.37001,-2.39841,-2.42312,-2.44409,-2.46129,-2.4747,-2.48429,-2.49005,-2.49197,-2.49005,-2.48429,-2.4747,-2.46129,-2.44409,-2.42312,-2.39841,-2.37001,-2.33795,-2.30228,-2.26307,-2.22036,-2.17423,-2.12475,-2.072,-2.01605,-1.95699,-1.89491,-1.82991,-1.76209,-1.69155,-1.61841,-1.54276,-1.46474,-1.38446,-1.30205,-1.21763,-1.13133,-1.04329,-0.953636,-0.862514,-0.770061,-0.676422,-0.581739,-0.486159,-0.38983,-0.2929,-0.195518,-0.0978343,-4.74058e-17,0.0978343,0.195518,0.2929,0.38983,0.486159,0.581739,0.676422,0.770061,0.862514,0.953636,1.04329,1.13133,1.21763,1.30205,1.38446,1.46474,1.54276,1.61841,1.69155,1.76209,1.82991,1.89491,1.95699,2.01605,2.072,2.12475,2.17423,2.22036,2.26307,2.30228,2.33795,2.37001,2.39841,2.42312,2.44409,2.46129,2.4747,2.48429,2.49005,2.49197,2.49005,2.48429,2.4747,2.46129,2.44409,2.42312,2.39841,2.37001,2.33795,2.30228,2.26307,2.22036,2.17423,2.12475,2.072,2.01605,1.95699,1.89491,1.82991,1.76209,1.69155,1.61841,1.54276,1.46474,1.38446,1.30205,1.21763,1.13133,1.04329,0.953636,0.862514,0.770061,0.676422,0.581739,0.486159,0.38983,0.2929,0.195518,0.0978343,0
0,-0.0963419,-0.192535,-0.288432,-0.383883,-0.478743,-0.572865,-0.666103,-0.758314,-0.849356,-0.939089,-1.02737,-1.11407,-1.19906,-1.28219,-1.36335,-1.4424,-1.51923,-1.59372,-1.66575,-1.73521,-1.802,-1.866,-1.92713,-1.98529,-2.04039,-2.09234,-2.14107,-2.18649,-2.22854,-2.26716,-2.30228,-2.33385,-2.36182,-2.38615,-2.4068,-2.42374,-2.43695,-2.44639,-2.45206,-2.45396,-2.45206,-2.44639,-2.43695,-2.42374,-2.4068,-2.38615,-2.36182,-2.33385,-2.30228,-2.26716,-2.22854,-2.18649,-2.14107,-2.09234,-2.04039,-1.98529,-1.92713,-1.866,-1.802,-1.73521,-1.66575,-1.59372,-1.51923,-1.4424,-1.36335,-1.28219,-1.19906,-1.11407,-1.02737,-0.939089,-0.849356,-0.758314,-0.666103,-0.572865,-0.478743,-0.383883,-0.288432,-0.192535,-0.0963419,4.18178e-16,0.0963419,0.192535,0.288432,0.383883,0.478743,0.572865,0.666103,0.758314,0.849356,0.939089,1.02737,1.11407,1.19906,1.28219,1.36335,1.4424,1.51923,1.59372,1.66575,1.73521,1.802,1.866,1.92713,1.98529,2.04039,2.09234,2.14107,2.18649,2.22854,2.26716,2.30228,2.33385,2.36182,2.38615,2.4068,2.42374,2.43695,2.44639,2.45206,2.45396,2.45206,2.44639,2.43695,2.42374,2.4068,2.38615,2.36182,2.33385,2.30228,2.26716,2.22854,2.18649,2.14107,2.09234,2.04039,1.98529,1.92713,1.866,1.802,1.73521,1.66575,1.59372,1.51923,1.4424,1.36335,1.28219,1.19906,1.11407,1.02737,0.939089,0.849356,0.758314,0.666103,0.572865,0.478743,0.383883,0.288432,0.192535,0.0963419,0
0,-0.0947009,-0.189256,-0.283519,-0.377345,-0.470589,-0.563107,-0.654757,-0.745398,-0.834889,-0.923093,-1.00987,-1.0951,-1.17863,-1.26035,-1.34012,-1.41783,-1.49335,-1.56657,-1.63738,-1.70565,-1.7713,-1.83422,-1.89431,-1.95148,-2.00564,-2.0567,-2.1046,-2.14925,-2.19059,-2.22854,-2.26307,-2.2941,-2.32159,-2.34551,-2.36581,-2.38246,-2.39544,-2.40472,-2.4103,-2.41216,-2.4103,-2.40472,-2.39544,-2.38246,-2.36581,-2.34551,-2.32159,-2.2941,-2.26307,-2.22854,-2.19059,-2.14925,-2.1046,-2.0567,-2.00564,-1.95148,-1.89431,-1.83422,-1.7713,-1.70565,-1.63738,-1.56657,-1.49335,-1.41783,-1.34012,-1.26035,-1.17863,-1.0951,-1.00987,-0.923093,-0.834889,-0.745398,-0.654757,-0.563107,-0.470589,-0.377345,-0.283519,-0.189256,-0.0947009,-5.81569e-17,0.0947009,0.189256,0.283519,0.377345,0.470589,0.563107,0.654757,0.745398,0.834889,0.923093,1.00987,1.0951,1.17863,1.26035,1.34012,1.41783,1.49335,1.56657,1.63738,1.70565,1.7713,1.83422,1.89431,1.95148,2.00564,2.0567,2.1046,2.14925,2.19059,2.22854,2.26307,2.2941,2.32159,2.34551,2.36581,2.38246,2.39544,2.40472,2.4103,2.41216,2.4103,2.40472,2.39544,2.38246,2.36581,2.34551,2.32159,2.2941,2.26307,2.22854,2.19059,2.14925,2.1046,2.0567,2.00564,1.95148,1.89431,1.83422,1.7713,1.70565,1.63738,1.56657,1.49335,1.41783,1.34012,1.26035,1.17863,1.0951,1.00987,0.923093,0.834889,0.745398,0.654757,0.563107,0.470589,0.377345,0.283519,0.189256,0.0947009,0
0,-0.0929139,-0.185685,-0.278169,-0.370224,-0.461709,-0.552481,-0.642402,-0.731332,-0.819135,-0.905674,-0.990817,-1.07443,-1.15639,-1.23657,-1.31484,-1.39108,-1.46517,-1.53701,-1.60648,-1.67347,-1.73788,-1.79961,-1.85856,-1.91465,-1.96779,-2.01789,-2.06489,-2.10869,-2.14925,-2.18649,-2.22036,-2.25081,-2.27779,-2.30125,-2.32117,-2.3375,-2.35024,-2.35935,-2.36482,-2.36664,-2.36482,-2.35935,-2.35024,-2.3375,-2.32117,-2.30125,-2.27779,-2.25081,-2.22036,-2.18649,-2.14925,-2.10869,-2.06489,-2.01789,-1.96779,-1.91465,-1.85856,-1.79961,-1.73788,-1.67347,-1.60648,-1.53701,-1.46517,-1.39108,-1.31484,-1.23657,-1.15639,-1.07443,-0.990817,-0.905674,-0.819135,-0.731332,-0.642402,-0.552481,-0.461709,-0.370224,-0.278169,-0.185685,-0.0929139,3.79214e-16,0.0929139,0.185685,0.278169,0.370224,0.461709,0.552481,0.642402,0.731332,0.819135,0.905674,0.990817,1.07443,1.15639,1.23657,1.31484,1.39108,1.46517,1.53701,1.60648,1.67347,1.73788,1.79961,1.85856,1.91465,1.96779,2.01789,2.06489,2.10869,2.14925,2.18649,2.22036,2.25081,2.27779,2.30125,2.32117,2.3375,2.35024,2.35935,2.36482,2.36664,2.36482,2.35935,2.35024,2.3375,2.32117,2.30125,2.27779,2.25081,2.22036,2.18649,2.14925,2.10869,2.06489,2.01789,1.96779,1.91465,1.85856,1.79961,1.73788,1.67347,1.60648,1.53701,1.46517,1.39108,1.31484,1.23657,1.15639,1.07443,0.990817,0.905674,0.819135,0.731332,0.642402,0.552481,0.461709,0.370224,0.278169,0.185685,0.0929139,0
0,-0.0909836,-0.181827,-0.27239,-0.362533,-0.452117,-0.541004,-0.629056,-0.716139,-0.802118,-0.886859,-0.970233,-1.05211,-1.13237,-1.21088,-1.28752,-1.36218,-1.43473,-1.50508,-1.5731,-1.6387,-1.70177,-1.76222,-1.81995,-1.87488,-1.92691,-1.97597,-2.02199,-2.06489,-2.1046,-2.14107,-2.17423,-2.20405,-2.23047,-2.25344,-2.27295,-2.28894,-2.30141,-2.31033,-2.31569,-2.31747,-2.31569,-2.31033,-2.30141,-2.28894,-2.27295,-2.25344,-2.23047,-2.20405,-2.17423,-2.14107,-2.1046,-2.06489,-2.02199,-1.97597,-1.92691,-1.87488,-1.81995,-1.76222,-1.70177,-1.6387,-1.5731,-1.50508,-1.43473,-1.36218,-1.28752,-1.21088,-1.13237,-1.05211,-0.970233,-0.886859,-0.802118,-0.716139,-0.629056,-0.541004,-0.452117,-0.362533,-0.27239,-0.181827,-0.0909836,-5.56339e-17,0.0909836,0.181827,0.27239,0.362533,0.452117,0.541004,0.629056,0.716139,0.802118,0.886859,0.970233,1.05211,1.13237,1.21088,1.28752,1.36218,1.43473,1.50508,1.5731,1.6387,1.70177,1.76222,1.81995,1.87488,1.92691,1.97597,2.02199,2.06489,2.1046,2.14107,2.17423,2.20405,2.23047,2.25344,2.27295,2.28894,2.30141,2.31033,2.31569,2.31747,2.31569,2.31033,2.30141,2.28894,2.27295,2.25344,2.23047,2.20405,2.17423,2.14107,2.1046,2.06489,2.02199,1.97597,1.92691,1.87488,1.81995,1.76222,1.70177,1.6387,1.5731,1.50508,1.43473,1.36218,1.28752,1.21088,1.13237,1.05211,0.970233,0.886859,0.802118,0.716139,0.629056,0.541004,0.452117,0.362533,0.27239,0.181827,0.0909836,0
0,-0.0889131,-0.177689,-0.266191,-0.354283,-0.441828,-0.528692,-0.614741,-0.699842,-0.783863,-0.866676,-0.948153,-1.02817,-1.1066,-1.18332,-1.25822,-1.33118,-1.40208,-1.47083,-1.5373,-1.60141,-1.66305,-1.72212,-1.77853,-1.83221,-1.88306,-1.931,-1.97597,-2.01789,-2.0567,-2.09234,-2.12475,-2.15389,-2.17971,-2.20216,-2.22122,-2.23685,-2.24904,-2.25775,-2.26299,-2.26473,-2.26299,-2.25775,-2.24904,-2.23685,-2.22122,-2.20216,-2.17971,-2.15389,-2.12475,-2.09234,-2.0567,-2.01789,-1.97597,-1.931,-1.88306,-1.83221,-1.77853,-1.72212,-1.66305,-1.60141,-1.5373,-1.47083,-1.40208,-1.33118,-1.25822,-1.18332,-1.1066,-1.02817,-0.948153,-0.866676,-0.783863,-0.699842,-0.614741,-0.528692,-0.441828,-0.354283,-0.266191,-0.177689,-0.0889131,3.35074e-16,0.0889131,0.177689,0.266191,0.354283,0.441828,0.528692,0.614741,0.699842,0.783863,0.866676,0.948153,1.02817,1.1066,1.18332,1.25822,1.33118,1.40208,1.47083,1.5373,1.60141,1.66305,1.72212,1.77853,1.83221,1.88306,1.931,1.97597,2.01789,2.0567,2.09234,2.12475,2.15389,2.17971,2.20216,2.22122,2.23685,2.24904,2.25775,2.26299,2.26473,2.26299,2.25775,2.24904,2.23685,2.22122,2.20216,2.17971,2.15389,2.12475,2.09234,2.0567,2.01789,1.97597,1.931,1.88306,1.83221,1.77853,1.72212,1.66305,1.60141,1.5373,1.47083,1.40208,1.33118,1.25822,1.18332,1.1066,1.02817,0.948153,0.866676,0.783863,0.699842,0.614741,0.528692,0.441828,0.354283,0.266191,0.177689,0.0889131,0
0,-0.0867054,-0.173277,-0.259582,-0.345486,-0.430858,-0.515565,-0.599477,-0.682465,-0.7644,-0.845157,-0.924611,-1.00264,-1.07912,-1.15394,-1.22698,-1.29813,-1.36727,-1.43431,-1.49913,-1.56165,-1.62175,-1.67936,-1.73437,-1.78672,-1.8363,-1.88306,-1.92691,-1.96779,-2.00564,-2.04039,-2.072,-2.10041,-2.12559,-2.14748,-2.16607,-2.18131,-2.19319,-2.20169,-2.2068,-2.2085,-2.2068,-2.20169,-2.19319,-2.18131,-2.16607,-2.14748,-2.12559,-2.10041,-2.072,-2.04039,-2.00564,-1.96779,-1.92691,-1.88306,-1.8363,-1.78672,-1.73437,-1.67936,-1.62175,-1.56165,-1.49913,-1.43431,-1.36727,-1.29813,-1.22698,-1.15394,-1.07912,-1.00264,-0.924611,-0.845157,-0.7644,-0.682465,-0.599477,-0.515565,-0.430858,-0.345486,-0.259582,-0.173277,-0.0867054,-6.06442e-17,0.0867054,0.173277,0.259582,0.345486,0.430858,0.515565,0.599477,0.682465,0.7644,0.845157,0.924611,1.00264,1.07912,1.15394,1.22698,1.29813,1.36727,1.43431,1.49913,1.56165,1.62175,1.67936,1.73437,1.78672,1.8363,1.88306,1.92691,1.96779,2.00564,2.04039,2.072,2.10041,2.12559,2.14748,2.16607,2.18131,2.19319,2.20169,2.2068,2.2085,2.2068,2.20169,2.19319,2.18131,2.16607,2.14748,2.12559,2.10041,2.072,2.04039,2.00564,1.96779,1.92691,1.88306,1.8363,1.78672,1.73437,1.67936,1.62175,1.56165,1.49913,1.43431,1.36727,1.29813,1.22698,1.15394,1.07912,1.00264,0.924611,0.845157,0.7644,0.682465,0.599477,0.515565,0.430858,0.345486,0.259582,0.173277,0.0867054,0
0,-0.0843641,-0.168598,-0.252572,-0.336157,-0.419223,-0.501643,-0.583289,-0.664036,-0.743759,-0.822335,-0.899643,-0.975564,-1.04998,-1.12278,-1.19385,-1.26307,-1.33035,-1.39558,-1.45865,-1.51948,-1.57796,-1.63401,-1.68754,-1.73847,-1.78672,-1.83221,-1.87488,-1.91465,-1.95148,-1.98529,-2.01605,-2.04369,-2.06819,-2.08949,-2.10758,-2.12241,-2.13397,-2.14224,-2.14721,-2.14887,-2.14721,-2.14224,-2.13397,-2.12241,-2.10758,-2.08949,-2.06819,-2.04369,-2.01605,-1.98529,-1.95148,-1.91465,-1.87488,-1.83221,-1.78672,-1.73847,-1.68754,-1.63401,-1.57796,-1.51948,-1.45865,-1.39558,-1.33035,-1.26307,-1.19385,-1.12278,-1.04998,-0.975564,-0.899643,-0.822335,-0.743759,-0.664036,-0.583289,-0.501643,-0.419223,-0.336157,-0.252572,-0.168598,-0.0843641,3.07849e-16,0.0843641,0.168598,0.252572,0.336157,0.419223,0.501643,0.583289,0.664036,0.743759,0.822335,0.899643,0.975564,1.04998,1.12278,1.19385,1.26307,1.33035,1.39558,1.45865,1.51948,1.57796,1.63401,1.68754,1.73847,1.78672,1.83221,1.87488,1.91465,1.95148,1.98529,2.01605,2.04369,2.06819,2.08949,2.10758,2.12241,2.13397,2.14224,2.14721,2.14887,2.14721,2.14224,2.13397,2.12241,2.10758,2.08949,2.06819,2.04369,2.01605,1.98529,1.95148,1.91465,1.87488,1.83221,1.78672,1.73847,1.68754,1.63401,1.57796,1.51948,1.45865,1.39558,1.33035,1.26307,1.19385,1.12278,1.04998,0.975564,0.899643,0.822335,0.743759,0.664036,0.583289,0.501643,0.419223,0.336157,0.252572,0.168598,0.0843641,0
0,-0.0818926,-0.163659,-0.245173,-0.326309,-0.406942,-0.486947,-0.566202,-0.644583,-0.721971,-0.798245,-0.873288,-0.946985,-1.01922,-1.08989,-1.15887,-1.22607,-1.29138,-1.35469,-1.41592,-1.47496,-1.53173,-1.58614,-1.6381,-1.68754,-1.73437,-1.77853,-1.81995,-1.85856,-1.89431,-1.92713,-1.95699,-1.98382,-2.0076,-2.02828,-2.04583,-2.06023,-2.07146,-2.07948,-2.08431,-2.08591,-2.08431,-2.07948,-2.07146,-2.06023,-2.04583,-2.02828,-2.0076,-1.98382,-1.95699,-1.92713,-1.89431,-1.85856,-1.81995,-1.77853,-1.73437,-1.68754,-1.6381,-1.58614,-1.53173,-1.47496,-1.41592,-1.35469,-1.29138,-1.22607,-1.15887,-1.08989,-1.01922,-0.946985,-0.873288,-0.798245,-0.721971,-0.644583,-0.566202,-0.486947,-0.406942,-0.326309,-0.245173,-0.163659,-0.0818926,-5.81145e-17,0.0818926,0.163659,0.245173,0.326309,0.406942,0.486947,0.566202,0.644583,0.721971,0.798245,0.873288,0.946985,1.01922,1.08989,1.15887,1.22607,1.29138,1.35469,1.41592,1.47496,1.53173,1.58614,1.6381,1.68754,1.73437,1.77853,1.81995,1.85856,1.89431,1.92713,1.95699,1.98382,2.0076,2.02828,2.04583,2.06023,2.07146,2.07948,2.08431,2.08591,2.08431,2.07948,2.07146,2.06023,2.04583,2.02828,2.0076,1.98382,1.95699,1.92713,1.89431,1.85856,1.81995,1.77853,1.73437,1.68754,1.6381,1.58614,1.53173,1.47496,1.41592,1.35469,1.29138,1.22607,1.15887,1.08989,1.01922,0.946985,0.873288,0.798245,0.721971,0.644583,0.566202,0.486947,0.406942,0.326309,0.245173,0.163659,0.0818926,0
0,-0.0792949,-0.158468,-0.237396,-0.315958,-0.394033,-0.471501,-0.548241,-0.624136,-0.699069,-0.772924,-0.845587,-0.916946,-0.986892,-1.05532,-1.12211,-1.18718,-1.25041,-1.31172,-1.37101,-1.42818,-1.48315,-1.53583,-1.58614,-1.63401,-1.67936,-1.72212,-1.76222,-1.79961,-1.83422,-1.866,-1.89491,-1.92089,-1.94392,-1.96394,-1.98094,-1.99488,-2.00575,-2.01352,-2.01819,-2.01975,-2.01819,-2.01352,-2.00575,-1.99488,-1.98094,-1.96394,-1.94392,-1.92089,-1.89491,-1.866,-1.83422,-1.79961,-1.76222,-1.72212,-1.67936,-1.63401,-1.58614,-1.53583,-1.48315,-1.42818,-1.37101,-1.31172,-1.25041,-1.18718,-1.12211,-1.05532,-0.986892,-0.916946,-0.845587,-0.772924,-0.699069,-0.624136,-0.548241,-0.471501,-0.394033,-0.315958,-0.237396,-0.158468,-0.0792949,2.91406e-16,0.0792949,0.158468,0.237396,0.315958,0.394033,0.471501,0.548241,0.624136,0.699069,0.772924,0.845587,0.916946,0.986892,1.05532,1.12211,1.18718,1.25041,1.31172,1.37101,1.42818,1.48315,1.53583,1.58614,1.63401,1.67936,1.72212,1.76222,1.79961,1.83422,1.866,1.89491,1.92089,1.94392,1.96394,1.98094,1.99488,2.00575,2.01352,2.01819,2.01975,2.01819,2.01352,2.00575,1.99488,1.98094,1.96394,1.94392,1.92089,1.89491,1.866,1.83422,1.79961,1.76222,1.72212,1.67936,1.63401,1.58614,1.53583,1.48315,1.42818,1.37101,1.31172,1.25041,1.18718,1.12211,1.05532,0.986892,0.916946,0.845587,0.772924,0.699069,0.624136,0.548241,0.471501,0.394033,0.315958,0.237396,0.158468,0.0792949,0
0,-0.0765749,-0.153032,-0.229253,-0.30512,-0.380517,-0.455327,-0.529435,-0.602727,-0.67509,-0.746411,-0.816582,-0.885493,-0.953039,-1.01912,-1.08362,-1.14646,-1.20752,-1.26673,-1.32398,-1.37919,-1.43227,-1.48315,-1.53173,-1.57796,-1.62175,-1.66305,-1.70177,-1.73788,-1.7713,-1.802,-1.82991,-1.855,-1.87724,-1.89657,-1.91299,-1.92645,-1.93695,-1.94445,-1.94896,-1.95047,-1.94896,-1.94445,-1.93695,-1.92645,-1.91299,-1.89657,-1.87724,-1.855,-1.82991,-1.802,-1.7713,-1.73788,-1.70177,-1.66305,-1.62175,-1.57796,-1.53173,-1.48315,-1.43227,-1.37919,-1.32398,-1.26673,-1.20752,-1.14646,-1.08362,-1.01912,-0.953039,-0.885493,-0.816582,-0.746411,-0.67509,-0.602727,-0.529435,-0.455327,-0.380517,-0.30512,-0.229253,-0.153032,-0.0765749,-5.65413e-17,0.0765749,0.153032,0.229253,0.30512,0.380517,0.455327,0.529435,0.602727,0.67509,0.746411,0.816582,0.885493,0.953039,1.01912,1.08362,1.14646,1.20752,1.26673,1.32398,1.37919,1.43227,1.48315,1.53173,1.57796,1.62175,1.66305,1.70177,1.73788,1.7713,1.802,1.82991,1.855,1.87724,1.89657,1.91299,1.92645,1.93695,1.94445,1.94896,1.95047,1.94896,1.94445,1.93695,1.92645,1.91299,1.89657,1.87724,1.855,1.82991,1.802,1.7713,1.73788,1.70177,1.66305,1.62175,1.57796,1.53173,1.48315,1.43227,1.37919,1.32398,1.26673,1.20752,1.14646,1.08362,1.01912,0.953039,0.885493,0.816582,0.746411,0.67509,0.602727,0.529435,0.455327,0.380517,0.30512,0.229253,0.153032,0.0765749,0
0,-0.0737369,-0.14736,-0.220756,-0.293812,-0.366414,-0.438452,-0.509813,-0.580389,-0.650069,-0.718747,-0.786317,-0.852675,-0.917717,-0.981345,-1.04346,-1.10396,-1.16277,-1.21978,-1.27491,-1.32807,-1.37919,-1.42818,-1.47496,-1.51948,-1.56165,-1.60141,-1.6387,-1.67347,-1.70565,-1.73521,-1.76209,-1.78625,-1.80766,-1.82628,-1.84209,-1.85505,-1.86516,-1.87239,-1.87673,-1.87818,-1.87673,-1.87239,-1.86516,-1.85505,-1.84209,-1.82628,-1.80766,-1.78625,-1.76209,-1.73521,-1.70565,-1.67347,-1.6387,-1.60141,-1.56165,-1.51948,-1.47496,-1.42818,-1.37919,-1.32807,-1.27491,-1.21978,-1.16277,-1.10396,-1.04346,-0.981345,-0.917717,-0.852675,-0.786317,-0.718747,-0.650069,-0.580389,-0.509813,-0.438452,-0.366414,-0.293812,-0.220756,-0.14736,-0.0737369,2.74262e-16,0.0737369,0.14736,0.220756,0.293812,0.366414,0.438452,0.509813,0.580389,0.650069,0.718747,0.786317,0.852675,0.917717,0.981345,1.04346,1.10396,1.16277,1.21978,1.27491,1.32807,1.37919,1.42818,1.47496,1.51948,1.56165,1.60141,1.6387,1.67347,1.70565,1.73521,1.76209,1.78625,1.80766,1.82628,1.84209,1.85505,1.86516,1.87239,1.87673,1.87818,1.87673,1.87239,1.86516,1.85505,1.84209,1.82628,1.80766,1.78625,1.76209,1.73521,1.70565,1.67347,1.6387,1.60141,1.56165,1.51948,1.47496,1.42818,1.37919,1.32807,1.27491,1.21978,1.16277,1.10396,1.04346,0.981345,0.917717,0.852675,0.786317,0.718747,0.650069,0.580389,0.509813,0.438452,0.366414,0.293812,0.220756,0.14736,0.0737369,0
