0,-0.0287311,-0.057418,-0.0860163,-0.114482,-0.142771,-0.17084,-0.198646,-0.226145,-0.253296,-0.280056,-0.306384,-0.33224,-0.357583,-0.382375,-0.406578,-0.430153,-0.453066,-0.47528,-0.49676,-0.517475,-0.537392,-0.556481,-0.574711,-0.592055,-0.608487,-0.62398,-0.638511,-0.652057,-0.664598,-0.676114,-0.686588,-0.696003,-0.704345,-0.7116,-0.717759,-0.722811,-0.726748,-0.729565,-0.731256,-0.731821,-0.731256,-0.729565,-0.726748,-0.722811,-0.717759,-0.7116,-0.704345,-0.696003,-0.686588,-0.676114,-0.664598,-0.652057,-0.638511,-0.62398,-0.608487,-0.592055,-0.574711,-0.556481,-0.537392,-0.517475,-0.49676,-0.47528,-0.453066,-0.430153,-0.406578,-0.382375,-0.357583,-0.33224,-0.306384,-0.280056,-0.253296,-0.226145,-0.198646,-0.17084,-0.142771,-0.114482,-0.0860163,-0.057418,-0.0287311,-1.69083e-16,0.0287311,0.057418,0.0860163,0.114482,0.142771,0.17084,0.198646,0.226145,0.253296,0.280056,0.306384,0.33224,0.357583,0.382375,0.406578,0.430153,0.453066,0.47528,0.49676,0.517475,0.537392,0.556481,0.574711,0.592055,0.608487,0.62398,0.638511,0.652057,0.664598,0.676114,0.686588,0.696003,0.704345,0.7116,0.717759,0.722811,0.726748,0.729565,0.731256,0.731821,0.731256,0.729565,0.726748,0.722811,0.717759,0.7116,0.704345,0.696003,0.686588,0.676114,0.664598,0.652057,0.638511,0.62398,0.608487,0.592055,0.574711,0.556481,0.537392,0.517475,0.49676,0.47528,0.453066,0.430153,0.406578,0.382375,0.357583,0.33224,0.306384,0.280056,0.253296,0.226145,0.198646,0.17084,0.142771,0.114482,0.0860163,0.057418,0.0287311,0
0,-0.0297517,-0.0594575,-0.0890716,-0.118548,-0.147842,-0.176908,-0.205702,-0.234178,-0.262293,-0.290003,-0.317267,-0.344041,-0.370285,-0.395957,-0.42102,-0.445433,-0.469159,-0.492162,-0.514406,-0.535856,-0.556481,-0.576247,-0.595125,-0.613085,-0.6301,-0.646144,-0.661191,-0.675218,-0.688205,-0.70013,-0.710976,-0.720725,-0.729363,-0.736877,-0.743254,-0.748485,-0.752562,-0.755479,-0.757231,-0.757815,-0.757231,-0.755479,-0.752562,-0.748485,-0.743254,-0.736877,-0.729363,-0.720725,-0.710976,-0.70013,-0.688205,-0.675218,-0.661191,-0.646144,-0.6301,-0.613085,-0.595125,-0.576247,-0.556481,-0.535856,-0.514406,-0.492162,-0.469159,-0.445433,-0.42102,-0.395957,-0.370285,-0.344041,-0.317267,-0.290003,-0.262293,-0.234178,-0.205702,-0.176908,-0.147842,-0.118548,-0.0890716,-0.0594575,-0.0297517,-5.65036e-17,0.0297517,0.0594575,0.0890716,0.118548,0.147842,0.176908,0.205702,0.234178,0.262293,0.290003,0.317267,0.344041,0.370285,0.395957,0.42102,0.445433,0.469159,0.492162,0.514406,0.535856,0.556481,0.576247,0.595125,0.613085,0.6301,0.646144,0.661191,0.675218,0.688205,0.70013,0.710976,0.720725,0.729363,0.736877,0.743254,0.748485,0.752562,0.755479,0.757231,0.757815,0.757231,0.755479,0.752562,0.748485,0.743254,0.736877,0.729363,0.720725,0.710976,0.70013,0.688205,0.675218,0.661191,0.646144,0.6301,0.613085,0.595125,0.576247,0.556481,0.535856,0.514406,0.492162,0.469159,0.445433,0.42102,0.395957,0.370285,0.344041,0.317267,0.290003,0.262293,0.234178,0.205702,0.176908,0.147842,0.118548,0.0890716,0.0594575,0.0297517,0
0,-0.0307264,-0.0614053,-0.0919896,-0.122432,-0.152686,-0.182704,-0.212441,-0.241849,-0.270886,-0.299504,-0.32766,-0.355312,-0.382415,-0.408929,-0.434812,-0.460025,-0.484529,-0.508285,-0.531258,-0.553411,-0.574711,-0.595125,-0.614622,-0.63317,-0.650743,-0.667311,-0.682851,-0.697339,-0.71075,-0.723066,-0.734267,-0.744336,-0.753257,-0.761017,-0.767603,-0.773006,-0.777216,-0.780229,-0.782038,-0.782641,-0.782038,-0.780229,-0.777216,-0.773006,-0.767603,-0.761017,-0.753257,-0.744336,-0.734267,-0.723066,-0.71075,-0.697339,-0.682851,-0.667311,-0.650743,-0.63317,-0.614622,-0.595125,-0.574711,-0.553411,-0.531258,-0.508285,-0.484529,-0.460025,-0.434812,-0.408929,-0.382415,-0.355312,-0.32766,-0.299504,-0.270886,-0.241849,-0.212441,-0.182704,-0.152686,-0.122432,-0.0919896,-0.0614053,-0.0307264,-1.80696e-16,0.0307264,0.0614053,0.0919896,0.122432,0.152686,0.182704,0.212441,0.241849,0.270886,0.299504,0.32766,0.355312,0.382415,0.408929,0.434812,0.460025,0.484529,0.508285,0.531258,0.553411,0.574711,0.595125,0.614622,0.63317,0.650743,0.667311,0.682851,0.697339,0.71075,0.723066,0.734267,0.744336,0.753257,0.761017,0.767603,0.773006,0.777216,0.780229,0.782038,0.782641,0.782038,0.780229,0.777216,0.773006,0.767603,0.761017,0.753257,0.744336,0.734267,0.723066,0.71075,0.697339,0.682851,0.667311,0.650743,0.63317,0.614622,0.595125,0.574711,0.553411,0.531258,0.508285,0.484529,0.460025,0.434812,0.408929,0.382415,0.355312,0.32766,0.299504,0.270886,0.241849,0.212441,0.182704,0.152686,0.122432,0.0919896,0.0614053,0.0307264,0
0,-0.0316536,-0.0632585,-0.0947658,-0.126127,-0.157294,-0.188218,-0.218852,-0.249148,-0.279061,-0.308543,-0.337549,-0.366035,-0.393956,-0.42127,-0.447934,-0.473908,-0.499151,-0.523624,-0.54729,-0.570112,-0.592055,-0.613085,-0.63317,-0.652279,-0.670381,-0.68745,-0.703459,-0.718384,-0.7322,-0.744888,-0.756427,-0.766799,-0.77599,-0.783984,-0.790769,-0.796334,-0.800672,-0.803775,-0.805639,-0.806261,-0.805639,-0.803775,-0.800672,-0.796334,-0.790769,-0.783984,-0.77599,-0.766799,-0.756427,-0.744888,-0.7322,-0.718384,-0.703459,-0.68745,-0.670381,-0.652279,-0.63317,-0.613085,-0.592055,-0.570112,-0.54729,-0.523624,-0.499151,-0.473908,-0.447934,-0.42127,-0.393956,-0.366035,-0.337549,-0.308543,-0.279061,-0.249148,-0.218852,-0.188218,-0.157294,-0.126127,-0.0947658,-0.0632585,-0.0316536,-6.27788e-17,0.0316536,0.0632585,0.0947658,0.126127,0.157294,0.188218,0.218852,0.249148,0.279061,0.308543,0.337549,0.366035,0.393956,0.42127,0.447934,0.473908,0.499151,0.523624,0.54729,0.570112,0.592055,0.613085,0.63317,0.652279,0.670381,0.68745,0.703459,0.718384,0.7322,0.744888,0.756427,0.766799,0.77599,0.783984,0.790769,0.796334,0.800672,0.803775,0.805639,0.806261,0.805639,0.803775,0.800672,0.796334,0.790769,0.783984,0.77599,0.766799,0.756427,0.744888,0.7322,0.718384,0.703459,0.68745,0.670381,0.652279,0.63317,0.613085,0.592055,0.570112,0.54729,0.523624,0.499151,0.473908,0.447934,0.42127,0.393956,0.366035,0.337549,0.308543,0.279061,0.249148,0.218852,0.188218,0.157294,0.126127,0.0947658,0.0632585,0.0316536,0
0,-0.0325321,-0.0650141,-0.0973958,-0.129627,-0.161659,-0.193441,-0.224926,-0.256063,-0.286805,-0.317106,-0.346917,-0.376193,-0.40489,-0.432962,-0.460366,-0.487061,-0.513004,-0.538157,-0.562479,-0.585935,-0.608487,-0.6301,-0.650743,-0.670381,-0.688986,-0.706529,-0.722982,-0.738321,-0.752521,-0.765561,-0.77742,-0.78808,-0.797526,-0.805742,-0.812715,-0.818435,-0.822893,-0.826082,-0.827998,-0.828637,-0.827998,-0.826082,-0.822893,-0.818435,-0.812715,-0.805742,-0.797526,-0.78808,-0.77742,-0.765561,-0.752521,-0.738321,-0.722982,-0.706529,-0.688986,-0.670381,-0.650743,-0.6301,-0.608487,-0.585935,-0.562479,-0.538157,-0.513004,-0.487061,-0.460366,-0.432962,-0.40489,-0.376193,-0.346917,-0.317106,-0.286805,-0.256063,-0.224926,-0.193441,-0.161659,-0.129627,-0.0973958,-0.0650141,-0.0325321,-1.97687e-16,0.0325321,0.0650141,0.0973958,0.129627,0.161659,0.193441,0.224926,0.256063,0.286805,0.317106,0.346917,0.376193,0.40489,0.432962,0.460366,0.487061,0.513004,0.538157,0.562479,0.585935,0.608487,0.6301,0.650743,0.670381,0.688986,0.706529,0.722982,0.738321,0.752521,0.765561,0.77742,0.78808,0.797526,0.805742,0.812715,0.818435,0.822893,0.826082,0.827998,0.828637,0.827998,0.826082,0.822893,0.818435,0.812715,0.805742,0.797526,0.78808,0.77742,0.765561,0.752521,0.738321,0.722982,0.706529,0.688986,0.670381,0.650743,0.6301,0.608487,0.585935,0.562479,0.538157,0.513004,0.487061,0.460366,0.432962,0.40489,0.376193,0.346917,0.317106,0.286805,0.256063,0.224926,0.193441,0.161659,0.129627,0.0973958,0.0650141,0.0325321,0
0,-0.0333604,-0.0666695,-0.0998757,-0.132928,-0.165775,-0.198367,-0.230653,-0.262583,-0.294108,-0.32518,-0.35575,-0.385772,-0.415199,-0.443985,-0.472088,-0.499462,-0.526066,-0.551859,-0.576801,-0.600854,-0.62398,-0.646144,-0.667311,-0.68745,-0.706529,-0.724518,-0.741391,-0.75712,-0.771681,-0.785053,-0.797214,-0.808146,-0.817832,-0.826257,-0.833408,-0.839274,-0.843845,-0.847116,-0.84908,-0.849735,-0.84908,-0.847116,-0.843845,-0.839274,-0.833408,-0.826257,-0.817832,-0.808146,-0.797214,-0.785053,-0.771681,-0.75712,-0.741391,-0.724518,-0.706529,-0.68745,-0.667311,-0.646144,-0.62398,-0.600854,-0.576801,-0.551859,-0.526066,-0.499462,-0.472088,-0.443985,-0.415199,-0.385772,-0.35575,-0.32518,-0.294108,-0.262583,-0.230653,-0.198367,-0.165775,-0.132928,-0.0998757,-0.0666695,-0.0333604,-6.88058e-17,0.0333604,0.0666695,0.0998757,0.132928,0.165775,0.198367,0.230653,0.262583,0.294108,0.32518,0.35575,0.385772,0.415199,0.443985,0.472088,0.499462,0.526066,0.551859,0.576801,0.600854,0.62398,0.646144,0.667311,0.68745,0.706529,0.724518,0.741391,0.75712,0.771681,0.785053,0.797214,0.808146,0.817832,0.826257,0.833408,0.839274,0.843845,0.847116,0.84908,0.849735,0.84908,0.847116,0.843845,0.839274,0.833408,0.826257,0.817832,0.808146,0.797214,0.785053,0.771681,0.75712,0.741391,0.724518,0.706529,0.68745,0.667311,0.646144,0.62398,0.600854,0.576801,0.551859,0.526066,0.499462,0.472088,0.443985,0.415199,0.385772,0.35575,0.32518,0.294108,0.262583,0.230653,0.198367,0.165775,0.132928,0.0998757,0.0666695,0.0333604,0
0,-0.0341373,-0.068222,-0.102202,-0.136023,-0.169636,-0.202986,-0.236024,-0.268698,-0.300957,-0.332752,-0.364034,-0.394755,-0.424868,-0.454325,-0.483081,-0.511093,-0.538317,-0.56471,-0.590233,-0.614846,-0.638511,-0.661191,-0.682851,-0.703459,-0.722982,-0.741391,-0.758656,-0.774751,-0.789652,-0.803335,-0.815779,-0.826966,-0.836877,-0.845498,-0.852816,-0.858818,-0.863496,-0.866843,-0.868853,-0.869523,-0.868853,-0.866843,-0.863496,-0.858818,-0.852816,-0.845498,-0.836877,-0.826966,-0.815779,-0.803335,-0.789652,-0.774751,-0.758656,-0.741391,-0.722982,-0.703459,-0.682851,-0.661191,-0.638511,-0.614846,-0.590233,-0.56471,-0.538317,-0.511093,-0.483081,-0.454325,-0.424868,-0.394755,-0.364034,-0.332752,-0.300957,-0.268698,-0.236024,-0.202986,-0.169636,-0.136023,-0.102202,-0.068222,-0.0341373,-2.16651e-16,0.0341373,0.068222,0.102202,0.136023,0.169636,0.202986,0.236024,0.268698,0.300957,0.332752,0.364034,0.394755,0.424868,0.454325,0.483081,0.511093,0.538317,0.56471,0.590233,0.614846,0.638511,0.661191,0.682851,0.703459,0.722982,0.741391,0.758656,0.774751,0.789652,0.803335,0.815779,0.826966,0.836877,0.845498,0.852816,0.858818,0.863496,0.866843,0.868853,0.869523,0.868853,0.866843,0.863496,0.858818,0.852816,0.845498,0.836877,0.826966,0.815779,0.803335,0.789652,0.774751,0.758656,0.741391,0.722982,0.703459,0.682851,0.661191,0.638511,0.614846,0.590233,0.56471,0.538317,0.511093,0.483081,0.454325,0.424868,0.394755,0.364034,0.332752,0.300957,0.268698,0.236024,0.202986,0.169636,0.136023,0.102202,0.068222,0.0341373,0
0,-0.0348616,-0.0696694,-0.10437,-0.138909,-0.173235,-0.207293,-0.241031,-0.274398,-0.307342,-0.339812,-0.371758,-0.40313,-0.433881,-0.463964,-0.49333,-0.521936,-0.549737,-0.576691,-0.602755,-0.62789,-0.652057,-0.675218,-0.697339,-0.718384,-0.738321,-0.75712,-0.774751,-0.791188,-0.806405,-0.820378,-0.833087,-0.844511,-0.854632,-0.863436,-0.870909,-0.877039,-0.881816,-0.885234,-0.887286,-0.887971,-0.887286,-0.885234,-0.881816,-0.877039,-0.870909,-0.863436,-0.854632,-0.844511,-0.833087,-0.820378,-0.806405,-0.791188,-0.774751,-0.75712,-0.738321,-0.718384,-0.697339,-0.675218,-0.652057,-0.62789,-0.602755,-0.576691,-0.549737,-0.521936,-0.49333,-0.463964,-0.433881,-0.40313,-0.371758,-0.339812,-0.307342,-0.274398,-0.241031,-0.207293,-0.173235,-0.138909,-0.10437,-0.0696694,-0.0348616,-6.96704e-17,0.0348616,0.0696694,0.10437,0.138909,0.173235,0.207293,0.241031,0.274398,0.307342,0.339812,0.371758,0.40313,0.433881,0.463964,0.49333,0.521936,0.549737,0.576691,0.602755,0.62789,0.652057,0.675218,0.697339,0.718384,0.738321,0.75712,0.774751,0.791188,0.806405,0.820378,0.833087,0.844511,0.854632,0.863436,0.870909,0.877039,0.881816,0.885234,0.887286,0.887971,0.887286,0.885234,0.881816,0.877039,0.870909,0.863436,0.854632,0.844511,0.833087,0.820378,0.806405,0.791188,0.774751,0.75712,0.738321,0.718384,0.697339,0.675218,0.652057,0.62789,0.602755,0.576691,0.549737,0.521936,0.49333,0.463964,0.433881,0.40313,0.371758,0.339812,0.307342,0.274398,0.241031,0.207293,0.173235,0.138909,0.10437,0.0696694,0.0348616,0
0,-0.0355321,-0.0710093,-0.106377,-0.141581,-0.176566,-0.21128,-0.245667,-0.279676,-0.313253,-0.346347,-0.378908,-0.410884,-0.442226,-0.472887,-0.502818,-0.531975,-0.56031,-0.587782,-0.614348,-0.639966,-0.664598,-0.688205,-0.71075,-0.7322,-0.752521,-0.771681,-0.789652,-0.806405,-0.821914,-0.836156,-0.849109,-0.860753,-0.871069,-0.880043,-0.887659,-0.893907,-0.898776,-0.902259,-0.904351,-0.905049,-0.904351,-0.902259,-0.898776,-0.893907,-0.887659,-0.880043,-0.871069,-0.860753,-0.849109,-0.836156,-0.821914,-0.806405,-0.789652,-0.771681,-0.752521,-0.7322,-0.71075,-0.688205,-0.664598,-0.639966,-0.614348,-0.587782,-0.56031,-0.531975,-0.502818,-0.472887,-0.442226,-0.410884,-0.378908,-0.346347,-0.313253,-0.279676,-0.245667,-0.21128,-0.176566,-0.141581,-0.106377,-0.0710093,-0.0355321,-2.28052e-16,0.0355321,0.0710093,0.106377,0.141581,0.176566,0.21128,0.245667,0.279676,0.313253,0.346347,0.378908,0.410884,0.442226,0.472887,0.502818,0.531975,0.56031,0.587782,0.614348,0.639966,0.664598,0.688205,0.71075,0.7322,0.752521,0.771681,0.789652,0.806405,0.821914,0.836156,0.849109,0.860753,0.871069,0.880043,0.887659,0.893907,0.898776,0.902259,0.904351,0.905049,0.904351,0.902259,0.898776,0.893907,0.887659,0.880043,0.871069,0.860753,0.849109,0.836156,0.821914,0.806405,0.789652,0.771681,0.752521,0.7322,0.71075,0.688205,0.664598,0.639966,0.614348,0.587782,0.56031,0.531975,0.502818,0.472887,0.442226,0.410884,0.378908,0.346347,0.313253,0.279676,0.245667,0.21128,0.176566,0.141581,0.106377,0.0710093,0.0355321,0
0,-0.0361478,-0.0722398,-0.10822,-0.144034,-0.179626,-0.214941,-0.249924,-0.284522,-0.318681,-0.352349,-0.385473,-0.418004,-0.449889,-0.481081,-0.511531,-0.541193,-0.57002,-0.597968,-0.624994,-0.651056,-0.676114,-0.70013,-0.723066,-0.744888,-0.765561,-0.785053,-0.803335,-0.820378,-0.836156,-0.850645,-0.863823,-0.875668,-0.886163,-0.895292,-0.90304,-0.909396,-0.91435,-0.917894,-0.920022,-0.920732,-0.920022,-0.917894,-0.91435,-0.909396,-0.90304,-0.895292,-0.886163,-0.875668,-0.863823,-0.850645,-0.836156,-0.820378,-0.803335,-0.785053,-0.765561,-0.744888,-0.723066,-0.70013,-0.676114,-0.651056,-0.624994,-0.597968,-0.57002,-0.541193,-0.511531,-0.481081,-0.449889,-0.418004,-0.385473,-0.352349,-0.318681,-0.284522,-0.249924,-0.214941,-0.179626,-0.144034,-0.10822,-0.0722398,-0.0361478,-7.01903e-17,0.0361478,0.0722398,0.10822,0.144034,0.179626,0.214941,0.249924,0.284522,0.318681,0.352349,0.385473,0.418004,0.449889,0.481081,0.511531,0.541193,0.57002,0.597968,0.624994,0.651056,0.676114,0.70013,0.723066,0.744888,0.765561,0.785053,0.803335,0.820378,0.836156,0.850645,0.863823,0.875668,0.886163,0.895292,0.90304,0.909396,0.91435,0.917894,0.920022,0.920732,0.920022,0.917894,0.91435,0.909396,0.90304,0.895292,0.886163,0.875668,0.863823,0.850645,0.836156,0.820378,0.803335,0.785053,0.765561,0.744888,0.723066,0.70013,0.676114,0.651056,0.624994,0.597968,0.57002,0.541193,0.511531,0.481081,0.449889,0.418004,0.385473,0.352349,0.318681,0.284522,0.249924,0.214941,0.179626,0.144034,0.10822,0.0722398,0.0361478,0
0,-0.0367077,-0.0733589,-0.109897,-0.146265,-0.182408,-0.21827,-0.253795,-0.288929,-0.323618,-0.357807,-0.391445,-0.424479,-0.456858,-0.488534,-0.519455,-0.549576,-0.57885,-0.607231,-0.634675,-0.661141,-0.686588,-0.710976,-0.734267,-0.756427,-0.77742,-0.797214,-0.815779,-0.833087,-0.849109,-0.863823,-0.877204,-0.889233,-0.899891,-0.909161,-0.917029,-0.923484,-0.928514,-0.932113,-0.934274,-0.934995,-0.934274,-0.932113,-0.928514,-0.923484,-0.917029,-0.909161,-0.899891,-0.889233,-0.877204,-0.863823,-0.849109,-0.833087,-0.815779,-0.797214,-0.77742,-0.756427,-0.734267,-0.710976,-0.686588,-0.661141,-0.634675,-0.607231,-0.57885,-0.549576,-0.519455,-0.488534,-0.456858,-0.424479,-0.391445,-0.357807,-0.323618,-0.288929,-0.253795,-0.21827,-0.182408,-0.146265,-0.109897,-0.0733589,-0.0367077,-2.3666e-16,0.0367077,0.0733589,0.109897,0.146265,0.182408,0.21827,0.253795,0.288929,0.323618,0.357807,0.391445,0.424479,0.456858,0.488534,0.519455,0.549576,0.57885,0.607231,0.634675,0.661141,0.686588,0.710976,0.734267,0.756427,0.77742,0.797214,0.815779,0.833087,0.849109,0.863823,0.877204,0.889233,0.899891,0.909161,0.917029,0.923484,0.928514,0.932113,0.934274,0.934995,0.934274,0.932113,0.928514,0.923484,0.917029,0.909161,0.899891,0.889233,0.877204,0.863823,0.849109,0.833087,0.815779,0.797214,0.77742,0.756427,0.734267,0.710976,0.686588,0.661141,0.634675,0.607231,0.57885,0.549576,0.519455,0.488534,0.456858,0.424479,0.391445,0.357807,0.323618,0.288929,0.253795,0.21827,0.182408,0.146265,0.109897,0.0733589,0.0367077,0
0,-0.0372111,-0.0743648,-0.111404,-0.148271,-0.18491,-0.221263,-0.257276,-0.292891,-0.328055,-0.362714,-0.396813,-0.4303,-0.463123,-0.495233,-0.526579,-0.557112,-0.586787,-0.615557,-0.643378,-0.670207,-0.696003,-0.720725,-0.744336,-0.766799,-0.78808,-0.808146,-0.826966,-0.844511,-0.860753,-0.875668,-0.889233,-0.901427,-0.912231,-0.921628,-0.929604,-0.936147,-0.941246,-0.944895,-0.947086,-0.947816,-0.947086,-0.944895,-0.941246,-0.936147,-0.929604,-0.921628,-0.912231,-0.901427,-0.889233,-0.875668,-0.860753,-0.844511,-0.826966,-0.808146,-0.78808,-0.766799,-0.744336,-0.720725,-0.696003,-0.670207,-0.643378,-0.615557,-0.586787,-0.557112,-0.526579,-0.495233,-0.463123,-0.4303,-0.396813,-0.362714,-0.328055,-0.292891,-0.257276,-0.221263,-0.18491,-0.148271,-0.111404,-0.0743648,-0.0372111,-7.0654e-17,0.0372111,0.0743648,0.111404,0.148271,0.18491,0.221263,0.257276,0.292891,0.328055,0.362714,0.396813,0.4303,0.463123,0.495233,0.526579,0.557112,0.586787,0.615557,0.643378,0.670207,0.696003,0.720725,0.744336,0.766799,0.78808,0.808146,0.826966,0.844511,0.860753,0.875668,0.889233,0.901427,0.912231,0.921628,0.929604,0.936147,0.941246,0.944895,0.947086,0.947816,0.947086,0.944895,0.941246,0.936147,0.929604,0.921628,0.912231,0.901427,0.889233,0.875668,0.860753,0.844511,0.826966,0.808146,0.78808,0.766799,0.744336,0.720725,0.696003,0.670207,0.643378,0.615557,0.586787,0.557112,0.526579,0.495233,0.463123,0.4303,0.396813,0.362714,0.328055,0.292891,0.257276,0.221263,0.18491,0.148271,0.111404,0.0743648,0.0372111,0
0,-0.0376571,-0.0752561,-0.112739,-0.150048,-0.187126,-0.223915,-0.260359,-0.296402,-0.331987,-0.367061,-0.401568,-0.435457,-0.468674,-0.501168,-0.53289,-0.56379,-0.59382,-0.622935,-0.65109,-0.67824,-0.704345,-0.729363,-0.753257,-0.77599,-0.797526,-0.817832,-0.836877,-0.854632,-0.871069,-0.886163,-0.899891,-0.912231,-0.923164,-0.932674,-0.940746,-0.947367,-0.952528,-0.956219,-0.958437,-0.959176,-0.958437,-0.956219,-0.952528,-0.947367,-0.940746,-0.932674,-0.923164,-0.912231,-0.899891,-0.886163,-0.871069,-0.854632,-0.836877,-0.817832,-0.797526,-0.77599,-0.753257,-0.729363,-0.704345,-0.67824,-0.65109,-0.622935,-0.59382,-0.56379,-0.53289,-0.501168,-0.468674,-0.435457,-0.401568,-0.367061,-0.331987,-0.296402,-0.260359,-0.223915,-0.187126,-0.150048,-0.112739,-0.0752561,-0.0376571,-2.48372e-16,0.0376571,0.0752561,0.112739,0.150048,0.187126,0.223915,0.260359,0.296402,0.331987,0.367061,0.401568,0.435457,0.468674,0.501168,0.53289,0.56379,0.59382,0.622935,0.65109,0.67824,0.704345,0.729363,0.753257,0.77599,0.797526,0.817832,0.836877,0.854632,0.871069,0.886163,0.899891,0.912231,0.923164,0.932674,0.940746,0.947367,0.952528,0.956219,0.958437,0.959176,0.958437,0.956219,0.952528,0.947367,0.940746,0.932674,0.923164,0.912231,0.899891,0.886163,0.871069,0.854632,0.836877,0.817832,0.797526,0.77599,0.753257,0.729363,0.704345,0.67824,0.65109,0.622935,0.59382,0.56379,0.53289,0.501168,0.468674,0.435457,0.401568,0.367061,0.331987,0.296402,0.260359,0.223915,0.187126,0.150048,0.112739,0.0752561,0.0376571,0
0,-0.038045,-0.0760313,-0.1139,-0.151594,-0.189054,-0.226222,-0.263041,-0.299455,-0.335407,-0.370842,-0.405705,-0.439943,-0.473502,-0.506331,-0.538379,-0.569597,-0.599937,-0.629352,-0.657797,-0.685227,-0.7116,-0.736877,-0.761017,-0.783984,-0.805742,-0.826257,-0.845498,-0.863436,-0.880043,-0.895292,-0.909161,-0.921628,-0.932674,-0.942282,-0.950437,-0.957126,-0.96234,-0.96607,-0.96831,-0.969057,-0.96831,-0.96607,-0.96234,-0.957126,-0.950437,-0.942282,-0.932674,-0.921628,-0.909161,-0.895292,-0.880043,-0.863436,-0.845498,-0.826257,-0.805742,-0.783984,-0.761017,-0.736877,-0.7116,-0.685227,-0.657797,-0.629352,-0.599937,-0.569597,-0.538379,-0.506331,-0.473502,-0.439943,-0.405705,-0.370842,-0.335407,-0.299455,-0.263041,-0.226222,-0.189054,-0.151594,-0.1139,-0.0760313,-0.038045,-7.09968e-17,0.038045,0.0760313,0.1139,0.151594,0.189054,0.226222,0.263041,0.299455,0.335407,0.370842,0.405705,0.439943,0.473502,0.506331,0.538379,0.569597,0.599937,0.629352,0.657797,0.685227,0.7116,0.736877,0.761017,0.783984,0.805742,0.826257,0.845498,0.863436,0.880043,0.895292,0.909161,0.921628,0.932674,0.942282,0.950437,0.957126,0.96234,0.96607,0.96831,0.969057,0.96831,0.96607,0.96234,0.957126,0.950437,0.942282,0.932674,0.921628,0.909161,0.895292,0.880043,0.863436,0.845498,0.826257,0.805742,0.783984,0.761017,0.736877,0.7116,0.685227,0.657797,0.629352,0.599937,0.569597,0.538379,0.506331,0.473502,0.439943,0.405705,0.370842,0.335407,0.299455,0.263041,0.226222,0.189054,0.151594,0.1139,0.0760313,0.038045,0
0,-0.0383743,-0.0766894,-0.114886,-0.152906,-0.19069,-0.22818,-0.265318,-0.302047,-0.33831,-0.374052,-0.409216,-0.44375,-0.4776,-0.510713,-0.543039,-0.574527,-0.60513,-0.634799,-0.66349,-0.691157,-0.717759,-0.743254,-0.767603,-0.790769,-0.812715,-0.833408,-0.852816,-0.870909,-0.887659,-0.90304,-0.917029,-0.929604,-0.940746,-0.950437,-0.958662,-0.96541,-0.970669,-0.974431,-0.97669,-0.977444,-0.97669,-0.974431,-0.970669,-0.96541,-0.958662,-0.950437,-0.940746,-0.929604,-0.917029,-0.90304,-0.887659,-0.870909,-0.852816,-0.833408,-0.812715,-0.790769,-0.767603,-0.743254,-0.717759,-0.691157,-0.66349,-0.634799,-0.60513,-0.574527,-0.543039,-0.510713,-0.4776,-0.44375,-0.409216,-0.374052,-0.33831,-0.302047,-0.265318,-0.22818,-0.19069,-0.152906,-0.114886,-0.0766894,-0.0383743,-2.58016e-16,0.0383743,0.0766894,0.114886,0.152906,0.19069,0.22818,0.265318,0.302047,0.33831,0.374052,0.409216,0.44375,0.4776,0.510713,0.543039,0.574527,0.60513,0.634799,0.66349,0.691157,0.717759,0.743254,0.767603,0.790769,0.812715,0.833408,0.852816,0.870909,0.887659,0.90304,0.917029,0.929604,0.940746,0.950437,0.958662,0.96541,0.970669,0.974431,0.97669,0.977444,0.97669,0.974431,0.970669,0.96541,0.958662,0.950437,0.940746,0.929604,0.917029,0.90304,0.887659,0.870909,0.852816,0.833408,0.812715,0.790769,0.767603,0.743254,0.717759,0.691157,0.66349,0.634799,0.60513,0.574527,0.543039,0.510713,0.4776,0.44375,0.409216,0.374052,0.33831,0.302047,0.265318,0.22818,0.19069,0.152906,0.114886,0.0766894,0.0383743,0
0,-0.0386444,-0.0772291,-0.115695,-0.153982,-0.192032,-0.229786,-0.267185,-0.304173,-0.340691,-0.376684,-0.412097,-0.446873,-0.480961,-0.514308,-0.546861,-0.578571,-0.609389,-0.639267,-0.668159,-0.696022,-0.722811,-0.748485,-0.773006,-0.796334,-0.818435,-0.839274,-0.858818,-0.877039,-0.893907,-0.909396,-0.923484,-0.936147,-0.947367,-0.957126,-0.96541,-0.972205,-0.9775,-0.981289,-0.983564,-0.984323,-0.983564,-0.981289,-0.9775,-0.972205,-0.96541,-0.957126,-0.947367,-0.936147,-0.923484,-0.909396,-0.893907,-0.877039,-0.858818,-0.839274,-0.818435,-0.796334,-0.773006,-0.748485,-0.722811,-0.696022,-0.668159,-0.639267,-0.609389,-0.578571,-0.546861,-0.514308,-0.480961,-0.446873,-0.412097,-0.376684,-0.340691,-0.304173,-0.267185,-0.229786,-0.192032,-0.153982,-0.115695,-0.0772291,-0.0386444,-7.33217e-17,0.0386444,0.0772291,0.115695,0.153982,0.192032,0.229786,0.267185,0.304173,0.340691,0.376684,0.412097,0.446873,0.480961,0.514308,0.546861,0.578571,0.609389,0.639267,0.668159,0.696022,0.722811,0.748485,0.773006,0.796334,0.818435,0.839274,0.858818,0.877039,0.893907,0.909396,0.923484,0.936147,0.947367,0.957126,0.96541,0.972205,0.9775,0.981289,0.983564,0.984323,0.983564,0.981289,0.9775,0.972205,0.96541,0.957126,0.947367,0.936147,0.923484,0.909396,0.893907,0.877039,0.858818,0.839274,0.818435,0.796334,0.773006,0.748485,0.722811,0.696022,0.668159,0.639267,0.609389,0.578571,0.546861,0.514308,0.480961,0.446873,0.412097,0.376684,0.340691,0.304173,0.267185,0.229786,0.192032,0.153982,0.115695,0.0772291,0.0386444,0
0,-0.0388549,-0.0776498,-0.116325,-0.154821,-0.193078,-0.231037,-0.268641,-0.30583,-0.342547,-0.378736,-0.414341,-0.449308,-0.483581,-0.517109,-0.54984,-0.581722,-0.612708,-0.642749,-0.671799,-0.699813,-0.726748,-0.752562,-0.777216,-0.800672,-0.822893,-0.843845,-0.863496,-0.881816,-0.898776,-0.91435,-0.928514,-0.941246,-0.952528,-0.96234,-0.970669,-0.9775,-0.982825,-0.986634,-0.988922,-0.989685,-0.988922,-0.986634,-0.982825,-0.9775,-0.970669,-0.96234,-0.952528,-0.941246,-0.928514,-0.91435,-0.898776,-0.881816,-0.863496,-0.843845,-0.822893,-0.800672,-0.777216,-0.752562,-0.726748,-0.699813,-0.671799,-0.642749,-0.612708,-0.581722,-0.54984,-0.517109,-0.483581,-0.449308,-0.414341,-0.378736,-0.342547,-0.30583,-0.268641,-0.231037,-0.193078,-0.154821,-0.116325,-0.0776498,-0.0388549,-2.76819e-16,0.0388549,0.0776498,0.116325,0.154821,0.193078,0.231037,0.268641,0.30583,0.342547,0.378736,0.414341,0.449308,0.483581,0.517109,0.54984,0.581722,0.612708,0.642749,0.671799,0.699813,0.726748,0.752562,0.777216,0.800672,0.822893,0.843845,0.863496,0.881816,0.898776,0.91435,0.928514,0.941246,0.952528,0.96234,0.970669,0.9775,0.982825,0.986634,0.988922,0.989685,0.988922,0.986634,0.982825,0.9775,0.970669,0.96234,0.952528,0.941246,0.928514,0.91435,0.898776,0.881816,0.863496,0.843845,0.822893,0.800672,0.777216,0.752562,0.726748,0.699813,0.671799,0.642749,0.612708,0.581722,0.54984,0.517109,0.483581,0.449308,0.414341,0.378736,0.342547,0.30583,0.268641,0.231037,0.193078,0.154821,0.116325,0.0776498,0.0388549,0
0,-0.0390054,-0.0779507,-0.116776,-0.155421,-0.193826,-0.231933,-0.269682,-0.307015,-0.343875,-0.380204,-0.415947,-0.451049,-0.485455,-0.519113,-0.551971,-0.583977,-0.615083,-0.64524,-0.674403,-0.702525,-0.729565,-0.755479,-0.780229,-0.803775,-0.826082,-0.847116,-0.866843,-0.885234,-0.902259,-0.917894,-0.932113,-0.944895,-0.956219,-0.96607,-0.974431,-0.981289,-0.986634,-0.990458,-0.992755,-0.993521,-0.992755,-0.990458,-0.986634,-0.981289,-0.974431,-0.96607,-0.956219,-0.944895,-0.932113,-0.917894,-0.902259,-0.885234,-0.866843,-0.847116,-0.826082,-0.803775,-0.780229,-0.755479,-0.729565,-0.702525,-0.674403,-0.64524,-0.615083,-0.583977,-0.551971,-0.519113,-0.485455,-0.451049,-0.415947,-0.380204,-0.343875,-0.307015,-0.269682,-0.231933,-0.193826,-0.155421,-0.116776,-0.0779507,-0.0390054,-7.7178e-17,0.0390054,0.0779507,0.116776,0.155421,0.193826,0.231933,0.269682,0.307015,0.343875,0.380204,0.415947,0.451049,0.485455,0.519113,0.551971,0.583977,0.615083,0.64524,0.674403,0.702525,0.729565,0.755479,0.780229,0.803775,0.826082,0.847116,0.866843,0.885234,0.902259,0.917894,0.932113,0.944895,0.956219,0.96607,0.974431,0.981289,0.986634,0.990458,0.992755,0.993521,0.992755,0.990458,0.986634,0.981289,0.974431,0.96607,0.956219,0.944895,0.932113,0.917894,0.902259,0.885234,0.866843,0.847116,0.826082,0.803775,0.780229,0.755479,0.729565,0.702525,0.674403,0.64524,0.615083,0.583977,0.551971,0.519113,0.485455,0.451049,0.415947,0.380204,0.343875,0.307015,0.269682,0.231933,0.193826,0.155421,0.116776,0.0779507,0.0390054,0
0,-0.0390959,-0.0781315,-0.117047,-0.155781,-0.194276,-0.232471,-0.270307,-0.307727,-0.344672,-0.381086,-0.416912,-0.452095,-0.486581,-0.520317,-0.553251,-0.585331,-0.616509,-0.646736,-0.675967,-0.704154,-0.731256,-0.757231,-0.782038,-0.805639,-0.827998,-0.84908,-0.868853,-0.887286,-0.904351,-0.920022,-0.934274,-0.947086,-0.958437,-0.96831,-0.97669,-0.983564,-0.988922,-0.992755,-0.995057,-0.995825,-0.995057,-0.992755,-0.988922,-0.983564,-0.97669,-0.96831,-0.958437,-0.947086,-0.934274,-0.920022,-0.904351,-0.887286,-0.868853,-0.84908,-0.827998,-0.805639,-0.782038,-0.757231,-0.731256,-0.704154,-0.675967,-0.646736,-0.616509,-0.585331,-0.553251,-0.520317,-0.486581,-0.452095,-0.416912,-0.381086,-0.344672,-0.307727,-0.270307,-0.232471,-0.194276,-0.155781,-0.117047,-0.0781315,-0.0390959,-2.90975e-16,0.0390959,0.0781315,0.117047,0.155781,0.194276,0.232471,0.270307,0.307727,0.344672,0.381086,0.416912,0.452095,0.486581,0.520317,0.553251,0.585331,0.616509,0.646736,0.675967,0.704154,0.731256,0.757231,0.782038,0.805639,0.827998,0.84908,0.868853,0.887286,0.904351,0.920022,0.934274,0.947086,0.958437,0.96831,0.97669,0.983564,0.988922,0.992755,0.995057,0.995825,0.995057,0.992755,0.988922,0.983564,0.97669,0.96831,0.958437,0.947086,0.934274,0.920022,0.904351,0.887286,0.868853,0.84908,0.827998,0.805639,0.782038,0.757231,0.731256,0.704154,0.675967,0.646736,0.616509,0.585331,0.553251,0.520317,0.486581,0.452095,0.416912,0.381086,0.344672,0.307727,0.270307,0.232471,0.194276,0.155781,0.117047,0.0781315,0.0390959,0
0,-0.0391261,-0.0781918,-0.117137,-0.155901,-0.194426,-0.23265,-0.270516,-0.307964,-0.344938,-0.38138,-0.417233,-0.452444,-0.486957,-0.520718,-0.553677,-0.585783,-0.616985,-0.647235,-0.676488,-0.704698,-0.731821,-0.757815,-0.782641,-0.806261,-0.828637,-0.849735,-0.869523,-0.887971,-0.905049,-0.920732,-0.934995,-0.947816,-0.959176,-0.969057,-0.977444,-0.984323,-0.989685,-0.993521,-0.995825,-0.996593,-0.995825,-0.993521,-0.989685,-0.984323,-0.977444,-0.969057,-0.959176,-0.947816,-0.934995,-0.920732,-0.905049,-0.887971,-0.869523,-0.849735,-0.828637,-0.806261,-0.782641,-0.757815,-0.731821,-0.704698,-0.676488,-0.647235,-0.616985,-0.585783,-0.553677,-0.520718,-0.486957,-0.452444,-0.417233,-0.38138,-0.344938,-0.307964,-0.270516,-0.23265,-0.194426,-0.155901,-0.117137,-0.0781918,-0.0391261,-8.18534e-17,0.0391261,0.0781918,0.117137,0.155901,0.194426,0.23265,0.270516,0.307964,0.344938,0.38138,0.417233,0.452444,0.486957,0.520718,0.553677,0.585783,0.616985,0.647235,0.676488,0.704698,0.731821,0.757815,0.782641,0.806261,0.828637,0.849735,0.869523,0.887971,0.905049,0.920732,0.934995,0.947816,0.959176,0.969057,0.977444,0.984323,0.989685,0.993521,0.995825,0.996593,0.995825,0.993521,0.989685,0.984323,0.977444,0.969057,0.959176,0.947816,0.934995,0.920732,0.905049,0.887971,0.869523,0.849735,0.828637,0.806261,0.782641,0.757815,0.731821,0.704698,0.676488,0.647235,0.616985,0.585783,0.553677,0.520718,0.486957,0.452444,0.417233,0.38138,0.344938,0.307964,0.270516,0.23265,0.194426,0.155901,0.117137,0.0781918,0.0391261,0
