0,-0.0270935,-0.0541452,-0.0811134,-0.107957,-0.134633,-0.161102,-0.187323,-0.213255,-0.238858,-0.264093,-0.28892,-0.313302,-0.337201,-0.36058,-0.383403,-0.405635,-0.427241,-0.448189,-0.468445,-0.48798,-0.506761,-0.524762,-0.541953,-0.558309,-0.573803,-0.588413,-0.602116,-0.61489,-0.626716,-0.637576,-0.647453,-0.656331,-0.664197,-0.67104,-0.676847,-0.681611,-0.685324,-0.68798,-0.689575,-0.690107,-0.689575,-0.68798,-0.685324,-0.681611,-0.676847,-0.67104,-0.664197,-0.656331,-0.647453,-0.637576,-0.626716,-0.61489,-0.602116,-0.588413,-0.573803,-0.558309,-0.541953,-0.524762,-0.506761,-0.48798,-0.468445,-0.448189,-0.427241,-0.405635,-0.383403,-0.36058,-0.337201,-0.313302,-0.28892,-0.264093,-0.238858,-0.213255,-0.187323,-0.161102,-0.134633,-0.107957,-0.0811134,-0.0541452,-0.0270935,-2.31903e-16,0.0270935,0.0541452,0.0811134,0.107957,0.134633,0.161102,0.187323,0.213255,0.238858,0.264093,0.28892,0.313302,0.337201,0.36058,0.383403,0.405635,0.427241,0.448189,0.468445,0.48798,0.506761,0.524762,0.541953,0.558309,0.573803,0.588413,0.602116,0.61489,0.626716,0.637576,0.647453,0.656331,0.664197,0.67104,0.676847,0.681611,0.685324,0.68798,0.689575,0.690107,0.689575,0.68798,0.685324,0.681611,0.676847,0.67104,0.664197,0.656331,0.647453,0.637576,0.626716,0.61489,0.602116,0.588413,0.573803,0.558309,0.541953,0.524762,0.506761,0.48798,0.468445,0.448189,0.427241,0.405635,0.383403,0.36058,0.337201,0.313302,0.28892,0.264093,0.238858,0.213255,0.187323,0.161102,0.134633,0.107957,0.0811134,0.0541452,0.0270935,0
0,-0.0270308,-0.0540199,-0.0809258,-0.107707,-0.134322,-0.16073,-0.18689,-0.212762,-0.238305,-0.263482,-0.288252,-0.312577,-0.336421,-0.359746,-0.382516,-0.404696,-0.426253,-0.447152,-0.467362,-0.486851,-0.505589,-0.523548,-0.540699,-0.557017,-0.572476,-0.587052,-0.600723,-0.613468,-0.625266,-0.636101,-0.645955,-0.654813,-0.662661,-0.669487,-0.675281,-0.680034,-0.683738,-0.686388,-0.68798,-0.688511,-0.68798,-0.686388,-0.683738,-0.680034,-0.675281,-0.669487,-0.662661,-0.654813,-0.645955,-0.636101,-0.625266,-0.613468,-0.600723,-0.587052,-0.572476,-0.557017,-0.540699,-0.523548,-0.505589,-0.486851,-0.467362,-0.447152,-0.426253,-0.404696,-0.382516,-0.359746,-0.336421,-0.312577,-0.288252,-0.263482,-0.238305,-0.212762,-0.18689,-0.16073,-0.134322,-0.107707,-0.0809258,-0.0540199,-0.0270308,5.03794e-16,0.0270308,0.0540199,0.0809258,0.107707,0.134322,0.16073,0.18689,0.212762,0.238305,0.263482,0.288252,0.312577,0.336421,0.359746,0.382516,0.404696,0.426253,0.447152,0.467362,0.486851,0.505589,0.523548,0.540699,0.557017,0.572476,0.587052,0.600723,0.613468,0.625266,0.636101,0.645955,0.654813,0.662661,0.669487,0.675281,0.680034,0.683738,0.686388,0.68798,0.688511,0.68798,0.686388,0.683738,0.680034,0.675281,0.669487,0.662661,0.654813,0.645955,0.636101,0.625266,0.613468,0.600723,0.587052,0.572476,0.557017,0.540699,0.523548,0.505589,0.486851,0.467362,0.447152,0.426253,0.404696,0.382516,0.359746,0.336421,0.312577,0.288252,0.263482,0.238305,0.212762,0.18689,0.16073,0.134322,0.107707,0.0809258,0.0540199,0.0270308,0
0,-0.0269264,-0.0538114,-0.0806133,-0.107291,-0.133803,-0.160109,-0.186168,-0.21194,-0.237385,-0.262464,-0.287139,-0.311371,-0.335122,-0.358357,-0.381039,-0.403134,-0.424607,-0.445426,-0.465557,-0.484971,-0.503637,-0.521526,-0.538612,-0.554866,-0.570266,-0.584785,-0.598404,-0.611099,-0.622852,-0.633645,-0.643461,-0.652285,-0.660102,-0.666902,-0.672674,-0.677409,-0.681099,-0.683738,-0.685324,-0.685853,-0.685324,-0.683738,-0.681099,-0.677409,-0.672674,-0.666902,-0.660102,-0.652285,-0.643461,-0.633645,-0.622852,-0.611099,-0.598404,-0.584785,-0.570266,-0.554866,-0.538612,-0.521526,-0.503637,-0.484971,-0.465557,-0.445426,-0.424607,-0.403134,-0.381039,-0.358357,-0.335122,-0.311371,-0.287139,-0.262464,-0.237385,-0.21194,-0.186168,-0.160109,-0.133803,-0.107291,-0.0806133,-0.0538114,-0.0269264,-2.06614e-16,0.0269264,0.0538114,0.0806133,0.107291,0.133803,0.160109,0.186168,0.21194,0.237385,0.262464,0.287139,0.311371,0.335122,0.358357,0.381039,0.403134,0.424607,0.445426,0.465557,0.484971,0.503637,0.521526,0.538612,0.554866,0.570266,0.584785,0.598404,0.611099,0.622852,0.633645,0.643461,0.652285,0.660102,0.666902,0.672674,0.677409,0.681099,0.683738,0.685324,0.685853,0.685324,0.683738,0.681099,0.677409,0.672674,0.666902,0.660102,0.652285,0.643461,0.633645,0.622852,0.611099,0.598404,0.584785,0.570266,0.554866,0.538612,0.521526,0.503637,0.484971,0.465557,0.445426,0.424607,0.403134,0.381039,0.358357,0.335122,0.311371,0.287139,0.262464,0.237385,0.21194,0.186168,0.160109,0.133803,0.107291,0.0806133,0.0538114,0.0269264,0
0,-0.0267806,-0.0535198,-0.0801766,-0.10671,-0.133078,-0.159242,-0.18516,-0.210792,-0.236099,-0.261042,-0.285583,-0.309684,-0.333307,-0.356416,-0.378975,-0.40095,-0.422307,-0.443012,-0.463035,-0.482344,-0.500908,-0.518701,-0.535694,-0.55186,-0.567176,-0.581617,-0.595162,-0.607788,-0.619478,-0.630212,-0.639975,-0.648751,-0.656526,-0.663289,-0.66903,-0.673739,-0.677409,-0.680034,-0.681611,-0.682137,-0.681611,-0.680034,-0.677409,-0.673739,-0.66903,-0.663289,-0.656526,-0.648751,-0.639975,-0.630212,-0.619478,-0.607788,-0.595162,-0.581617,-0.567176,-0.55186,-0.535694,-0.518701,-0.500908,-0.482344,-0.463035,-0.443012,-0.422307,-0.40095,-0.378975,-0.356416,-0.333307,-0.309684,-0.285583,-0.261042,-0.236099,-0.210792,-0.18516,-0.159242,-0.133078,-0.10671,-0.0801766,-0.0535198,-0.0267806,4.89077e-16,0.0267806,0.0535198,0.0801766,0.10671,0.133078,0.159242,0.18516,0.210792,0.236099,0.261042,0.285583,0.309684,0.333307,0.356416,0.378975,0.40095,0.422307,0.443012,0.463035,0.482344,0.500908,0.518701,0.535694,0.55186,0.567176,0.581617,0.595162,0.607788,0.619478,0.630212,0.639975,0.648751,0.656526,0.663289,0.66903,0.673739,0.677409,0.680034,0.681611,0.682137,0.681611,0.680034,0.677409,0.673739,0.66903,0.663289,0.656526,0.648751,0.639975,0.630212,0.619478,0.607788,0.595162,0.581617,0.567176,0.55186,0.535694,0.518701,0.500908,0.482344,0.463035,0.443012,0.422307,0.40095,0.378975,0.356416,0.333307,0.309684,0.285583,0.261042,0.236099,0.210792,0.18516,0.159242,0.133078,0.10671,0.0801766,0.0535198,0.0267806,0
0,-0.0265934,-0.0531458,-0.0796162,-0.105964,-0.132148,-0.158129,-0.183865,-0.209319,-0.234449,-0.259218,-0.283587,-0.307519,-0.330977,-0.353924,-0.376326,-0.398148,-0.419355,-0.439916,-0.459799,-0.478972,-0.497408,-0.515076,-0.53195,-0.548003,-0.563212,-0.577552,-0.591002,-0.60354,-0.615148,-0.625808,-0.635502,-0.644216,-0.651938,-0.658654,-0.664354,-0.66903,-0.672674,-0.675281,-0.676847,-0.677369,-0.676847,-0.675281,-0.672674,-0.66903,-0.664354,-0.658654,-0.651938,-0.644216,-0.635502,-0.625808,-0.615148,-0.60354,-0.591002,-0.577552,-0.563212,-0.548003,-0.53195,-0.515076,-0.497408,-0.478972,-0.459799,-0.439916,-0.419355,-0.398148,-0.376326,-0.353924,-0.330977,-0.307519,-0.283587,-0.259218,-0.234449,-0.209319,-0.183865,-0.158129,-0.132148,-0.105964,-0.0796162,-0.0531458,-0.0265934,-1.83762e-16,0.0265934,0.0531458,0.0796162,0.105964,0.132148,0.158129,0.183865,0.209319,0.234449,0.259218,0.283587,0.307519,0.330977,0.353924,0.376326,0.398148,0.419355,0.439916,0.459799,0.478972,0.497408,0.515076,0.53195,0.548003,0.563212,0.577552,0.591002,0.60354,0.615148,0.625808,0.635502,0.644216,0.651938,0.658654,0.664354,0.66903,0.672674,0.675281,0.676847,0.677369,0.676847,0.675281,0.672674,0.66903,0.664354,0.658654,0.651938,0.644216,0.635502,0.625808,0.615148,0.60354,0.591002,0.577552,0.563212,0.548003,0.53195,0.515076,0.497408,0.478972,0.459799,0.439916,0.419355,0.398148,0.376326,0.353924,0.330977,0.307519,0.283587,0.259218,0.234449,0.209319,0.183865,0.158129,0.132148,0.105964,0.0796162,0.0531458,0.0265934,0
0,-0.0263652,-0.0526898,-0.0789331,-0.105055,-0.131014,-0.156772,-0.182288,-0.207523,-0.232437,-0.256994,-0.281154,-0.304881,-0.328137,-0.350888,-0.373097,-0.394731,-0.415757,-0.436142,-0.455854,-0.474863,-0.49314,-0.510656,-0.527385,-0.543301,-0.558379,-0.572597,-0.585931,-0.598362,-0.60987,-0.620438,-0.630049,-0.638689,-0.646344,-0.653002,-0.658654,-0.663289,-0.666902,-0.669487,-0.67104,-0.671557,-0.67104,-0.669487,-0.666902,-0.663289,-0.658654,-0.653002,-0.646344,-0.638689,-0.630049,-0.620438,-0.60987,-0.598362,-0.585931,-0.572597,-0.558379,-0.543301,-0.527385,-0.510656,-0.49314,-0.474863,-0.455854,-0.436142,-0.415757,-0.394731,-0.373097,-0.350888,-0.328137,-0.304881,-0.281154,-0.256994,-0.232437,-0.207523,-0.182288,-0.156772,-0.131014,-0.105055,-0.0789331,-0.0526898,-0.0263652,4.72594e-16,0.0263652,0.0526898,0.0789331,0.105055,0.131014,0.156772,0.182288,0.207523,0.232437,0.256994,0.281154,0.304881,0.328137,0.350888,0.373097,0.394731,0.415757,0.436142,0.455854,0.474863,0.49314,0.510656,0.527385,0.543301,0.558379,0.572597,0.585931,0.598362,0.60987,0.620438,0.630049,0.638689,0.646344,0.653002,0.658654,0.663289,0.666902,0.669487,0.67104,0.671557,0.67104,0.669487,0.666902,0.663289,0.658654,0.653002,0.646344,0.638689,0.630049,0.620438,0.60987,0.598362,0.585931,0.572597,0.558379,0.543301,0.527385,0.510656,0.49314,0.474863,0.455854,0.436142,0.415757,0.394731,0.373097,0.350888,0.328137,0.304881,0.281154,0.256994,0.232437,0.207523,0.182288,0.156772,0.131014,0.105055,0.0789331,0.0526898,0.0263652,0
0,-0.0260964,-0.0521525,-0.0781283,-0.103984,-0.129678,-0.155173,-0.180429,-0.205407,-0.230067,-0.254373,-0.278287,-0.301772,-0.324791,-0.34731,-0.369293,-0.390707,-0.411518,-0.431694,-0.451206,-0.470021,-0.488111,-0.505449,-0.522008,-0.537762,-0.552686,-0.566758,-0.579957,-0.592261,-0.603652,-0.614112,-0.623625,-0.632177,-0.639753,-0.646344,-0.651938,-0.656526,-0.660102,-0.662661,-0.664197,-0.66471,-0.664197,-0.662661,-0.660102,-0.656526,-0.651938,-0.646344,-0.639753,-0.632177,-0.623625,-0.614112,-0.603652,-0.592261,-0.579957,-0.566758,-0.552686,-0.537762,-0.522008,-0.505449,-0.488111,-0.470021,-0.451206,-0.431694,-0.411518,-0.390707,-0.369293,-0.34731,-0.324791,-0.301772,-0.278287,-0.254373,-0.230067,-0.205407,-0.180429,-0.155173,-0.129678,-0.103984,-0.0781283,-0.0521525,-0.0260964,-1.61772e-16,0.0260964,0.0521525,0.0781283,0.103984,0.129678,0.155173,0.180429,0.205407,0.230067,0.254373,0.278287,0.301772,0.324791,0.34731,0.369293,0.390707,0.411518,0.431694,0.451206,0.470021,0.488111,0.505449,0.522008,0.537762,0.552686,0.566758,0.579957,0.592261,0.603652,0.614112,0.623625,0.632177,0.639753,0.646344,0.651938,0.656526,0.660102,0.662661,0.664197,0.66471,0.664197,0.662661,0.660102,0.656526,0.651938,0.646344,0.639753,0.632177,0.623625,0.614112,0.603652,0.592261,0.579957,0.566758,0.552686,0.537762,0.522008,0.505449,0.488111,0.470021,0.451206,0.431694,0.411518,0.390707,0.369293,0.34731,0.324791,0.301772,0.278287,0.254373,0.230067,0.205407,0.180429,0.155173,0.129678,0.103984,0.0781283,0.0521525,0.0260964,0
0,-0.0257873,-0.0515349,-0.077203,-0.102752,-0.128143,-0.153336,-0.178292,-0.202974,-0.227343,-0.251361,-0.274991,-0.298198,-0.320945,-0.343197,-0.364919,-0.386079,-0.406644,-0.426582,-0.445862,-0.464454,-0.482331,-0.499463,-0.515826,-0.531393,-0.54614,-0.560046,-0.573088,-0.585246,-0.596502,-0.606839,-0.616239,-0.62469,-0.632177,-0.638689,-0.644216,-0.648751,-0.652285,-0.654813,-0.656331,-0.656837,-0.656331,-0.654813,-0.652285,-0.648751,-0.644216,-0.638689,-0.632177,-0.62469,-0.616239,-0.606839,-0.596502,-0.585246,-0.573088,-0.560046,-0.54614,-0.531393,-0.515826,-0.499463,-0.482331,-0.464454,-0.445862,-0.426582,-0.406644,-0.386079,-0.364919,-0.343197,-0.320945,-0.298198,-0.274991,-0.251361,-0.227343,-0.202974,-0.178292,-0.153336,-0.128143,-0.102752,-0.077203,-0.0515349,-0.0257873,4.57267e-16,0.0257873,0.0515349,0.077203,0.102752,0.128143,0.153336,0.178292,0.202974,0.227343,0.251361,0.274991,0.298198,0.320945,0.343197,0.364919,0.386079,0.406644,0.426582,0.445862,0.464454,0.482331,0.499463,0.515826,0.531393,0.54614,0.560046,0.573088,0.585246,0.596502,0.606839,0.616239,0.62469,0.632177,0.638689,0.644216,0.648751,0.652285,0.654813,0.656331,0.656837,0.656331,0.654813,0.652285,0.648751,0.644216,0.638689,0.632177,0.62469,0.616239,0.606839,0.596502,0.585246,0.573088,0.560046,0.54614,0.531393,0.515826,0.499463,0.482331,0.464454,0.445862,0.426582,0.406644,0.386079,0.364919,0.343197,0.320945,0.298198,0.274991,0.251361,0.227343,0.202974,0.178292,0.153336,0.128143,0.102752,0.077203,0.0515349,0.0257873,0
0,-0.0254385,-0.0508377,-0.0761586,-0.101362,-0.126409,-0.151261,-0.17588,-0.200228,-0.224267,-0.247961,-0.271272,-0.294164,-0.316603,-0.338554,-0.359983,-0.380857,-0.401143,-0.420811,-0.43983,-0.458171,-0.475806,-0.492707,-0.508848,-0.524204,-0.538753,-0.55247,-0.565336,-0.57733,-0.588433,-0.59863,-0.607903,-0.616239,-0.623625,-0.630049,-0.635502,-0.639975,-0.643461,-0.645955,-0.647453,-0.647952,-0.647453,-0.645955,-0.643461,-0.639975,-0.635502,-0.630049,-0.623625,-0.616239,-0.607903,-0.59863,-0.588433,-0.57733,-0.565336,-0.55247,-0.538753,-0.524204,-0.508848,-0.492707,-0.475806,-0.458171,-0.43983,-0.420811,-0.401143,-0.380857,-0.359983,-0.338554,-0.316603,-0.294164,-0.271272,-0.247961,-0.224267,-0.200228,-0.17588,-0.151261,-0.126409,-0.101362,-0.0761586,-0.0508377,-0.0254385,-1.38777e-16,0.0254385,0.0508377,0.0761586,0.101362,0.126409,0.151261,0.17588,0.200228,0.224267,0.247961,0.271272,0.294164,0.316603,0.338554,0.359983,0.380857,0.401143,0.420811,0.43983,0.458171,0.475806,0.492707,0.508848,0.524204,0.538753,0.55247,0.565336,0.57733,0.588433,0.59863,0.607903,0.616239,0.623625,0.630049,0.635502,0.639975,0.643461,0.645955,0.647453,0.647952,0.647453,0.645955,0.643461,0.639975,0.635502,0.630049,0.623625,0.616239,0.607903,0.59863,0.588433,0.57733,0.565336,0.55247,0.538753,0.524204,0.508848,0.492707,0.475806,0.458171,0.43983,0.420811,0.401143,0.380857,0.359983,0.338554,0.316603,0.294164,0.271272,0.247961,0.224267,0.200228,0.17588,0.151261,0.126409,0.101362,0.0761586,0.0508377,0.0254385,0
0,-0.0250504,-0.0500622,-0.0749968,-0.0998158,-0.124481,-0.148954,-0.173197,-0.197174,-0.220846,-0.244178,-0.267133,-0.289677,-0.311774,-0.33339,-0.354492,-0.375047,-0.395024,-0.414392,-0.433121,-0.451182,-0.468548,-0.485191,-0.501086,-0.516208,-0.530534,-0.544042,-0.556712,-0.568523,-0.579457,-0.589498,-0.59863,-0.606839,-0.614112,-0.620438,-0.625808,-0.630212,-0.633645,-0.636101,-0.637576,-0.638068,-0.637576,-0.636101,-0.633645,-0.630212,-0.625808,-0.620438,-0.614112,-0.606839,-0.59863,-0.589498,-0.579457,-0.568523,-0.556712,-0.544042,-0.530534,-0.516208,-0.501086,-0.485191,-0.468548,-0.451182,-0.433121,-0.414392,-0.395024,-0.375047,-0.354492,-0.33339,-0.311774,-0.289677,-0.267133,-0.244178,-0.220846,-0.197174,-0.173197,-0.148954,-0.124481,-0.0998158,-0.0749968,-0.0500622,-0.0250504,4.38218e-16,0.0250504,0.0500622,0.0749968,0.0998158,0.124481,0.148954,0.173197,0.197174,0.220846,0.244178,0.267133,0.289677,0.311774,0.33339,0.354492,0.375047,0.395024,0.414392,0.433121,0.451182,0.468548,0.485191,0.501086,0.516208,0.530534,0.544042,0.556712,0.568523,0.579457,0.589498,0.59863,0.606839,0.614112,0.620438,0.625808,0.630212,0.633645,0.636101,0.637576,0.638068,0.637576,0.636101,0.633645,0.630212,0.625808,0.620438,0.614112,0.606839,0.59863,0.589498,0.579457,0.568523,0.556712,0.544042,0.530534,0.516208,0.501086,0.485191,0.468548,0.451182,0.433121,0.414392,0.395024,0.375047,0.354492,0.33339,0.311774,0.289677,0.267133,0.244178,0.220846,0.197174,0.173197,0.148954,0.124481,0.0998158,0.0749968,0.0500622,0.0250504,0
0,-0.0246237,-0.0492095,-0.0737194,-0.0981157,-0.122361,-0.146417,-0.170247,-0.193815,-0.217085,-0.240019,-0.262583,-0.284743,-0.306463,-0.327711,-0.348454,-0.368659,-0.388296,-0.407334,-0.425744,-0.443497,-0.460567,-0.476926,-0.492551,-0.507415,-0.521498,-0.534776,-0.547229,-0.558839,-0.569587,-0.579457,-0.588433,-0.596502,-0.603652,-0.60987,-0.615148,-0.619478,-0.622852,-0.625266,-0.626716,-0.6272,-0.626716,-0.625266,-0.622852,-0.619478,-0.615148,-0.60987,-0.603652,-0.596502,-0.588433,-0.579457,-0.569587,-0.558839,-0.547229,-0.534776,-0.521498,-0.507415,-0.492551,-0.476926,-0.460567,-0.443497,-0.425744,-0.407334,-0.388296,-0.368659,-0.348454,-0.327711,-0.306463,-0.284743,-0.262583,-0.240019,-0.217085,-0.193815,-0.170247,-0.146417,-0.122361,-0.0981157,-0.0737194,-0.0492095,-0.0246237,-1.20907e-16,0.0246237,0.0492095,0.0737194,0.0981157,0.122361,0.146417,0.170247,0.193815,0.217085,0.240019,0.262583,0.284743,0.306463,0.327711,0.348454,0.368659,0.388296,0.407334,0.425744,0.443497,0.460567,0.476926,0.492551,0.507415,0.521498,0.534776,0.547229,0.558839,0.569587,0.579457,0.588433,0.596502,0.603652,0.60987,0.615148,0.619478,0.622852,0.625266,0.626716,0.6272,0.626716,0.625266,0.622852,0.619478,0.615148,0.60987,0.603652,0.596502,0.588433,0.579457,0.569587,0.558839,0.547229,0.534776,0.521498,0.507415,0.492551,0.476926,0.460567,0.443497,0.425744,0.407334,0.388296,0.368659,0.348454,0.327711,0.306463,0.284743,0.262583,0.240019,0.217085,0.193815,0.170247,0.146417,0.122361,0.0981157,0.0737194,0.0492095,0.0246237,0
0,-0.0241591,-0.0482809,-0.0723283,-0.0962642,-0.120052,-0.143654,-0.167035,-0.190158,-0.212988,-0.23549,-0.257628,-0.27937,-0.30068,-0.321527,-0.341878,-0.361702,-0.380968,-0.399647,-0.41771,-0.435128,-0.451876,-0.467927,-0.483256,-0.49784,-0.511657,-0.524684,-0.536903,-0.548294,-0.558839,-0.568523,-0.57733,-0.585246,-0.592261,-0.598362,-0.60354,-0.607788,-0.611099,-0.613468,-0.61489,-0.615365,-0.61489,-0.613468,-0.611099,-0.607788,-0.60354,-0.598362,-0.592261,-0.585246,-0.57733,-0.568523,-0.558839,-0.548294,-0.536903,-0.524684,-0.511657,-0.49784,-0.483256,-0.467927,-0.451876,-0.435128,-0.41771,-0.399647,-0.380968,-0.361702,-0.341878,-0.321527,-0.30068,-0.27937,-0.257628,-0.23549,-0.212988,-0.190158,-0.167035,-0.143654,-0.120052,-0.0962642,-0.0723283,-0.0482809,-0.0241591,4.13462e-16,0.0241591,0.0482809,0.0723283,0.0962642,0.120052,0.143654,0.167035,0.190158,0.212988,0.23549,0.257628,0.27937,0.30068,0.321527,0.341878,0.361702,0.380968,0.399647,0.41771,0.435128,0.451876,0.467927,0.483256,0.49784,0.511657,0.524684,0.536903,0.548294,0.558839,0.568523,0.57733,0.585246,0.592261,0.598362,0.60354,0.607788,0.611099,0.613468,0.61489,0.615365,0.61489,0.613468,0.611099,0.607788,0.60354,0.598362,0.592261,0.585246,0.57733,0.568523,0.558839,0.548294,0.536903,0.524684,0.511657,0.49784,0.483256,0.467927,0.451876,0.435128,0.41771,0.399647,0.380968,0.361702,0.341878,0.321527,0.30068,0.27937,0.257628,0.23549,0.212988,0.190158,0.167035,0.143654,0.120052,0.0962642,0.0723283,0.0482809,0.0241591,0
0,-0.0236572,-0.0472779,-0.0708257,-0.0942643,-0.117558,-0.14067,-0.163565,-0.186208,-0.208563,-0.230598,-0.252276,-0.273566,-0.294434,-0.314847,-0.334776,-0.354188,-0.373054,-0.391345,-0.409032,-0.426089,-0.442488,-0.458206,-0.473217,-0.487498,-0.501027,-0.513784,-0.525749,-0.536903,-0.547229,-0.556712,-0.565336,-0.573088,-0.579957,-0.585931,-0.591002,-0.595162,-0.598404,-0.600723,-0.602116,-0.60258,-0.602116,-0.600723,-0.598404,-0.595162,-0.591002,-0.585931,-0.579957,-0.573088,-0.565336,-0.556712,-0.547229,-0.536903,-0.525749,-0.513784,-0.501027,-0.487498,-0.473217,-0.458206,-0.442488,-0.426089,-0.409032,-0.391345,-0.373054,-0.354188,-0.334776,-0.314847,-0.294434,-0.273566,-0.252276,-0.230598,-0.208563,-0.186208,-0.163565,-0.14067,-0.117558,-0.0942643,-0.0708257,-0.0472779,-0.0236572,-1.05138e-16,0.0236572,0.0472779,0.0708257,0.0942643,0.117558,0.14067,0.163565,0.186208,0.208563,0.230598,0.252276,0.273566,0.294434,0.314847,0.334776,0.354188,0.373054,0.391345,0.409032,0.426089,0.442488,0.458206,0.473217,0.487498,0.501027,0.513784,0.525749,0.536903,0.547229,0.556712,0.565336,0.573088,0.579957,0.585931,0.591002,0.595162,0.598404,0.600723,0.602116,0.60258,0.602116,0.600723,0.598404,0.595162,0.591002,0.585931,0.579957,0.573088,0.565336,0.556712,0.547229,0.536903,0.525749,0.513784,0.501027,0.487498,0.473217,0.458206,0.442488,0.426089,0.409032,0.391345,0.373054,0.354188,0.334776,0.314847,0.294434,0.273566,0.252276,0.230598,0.208563,0.186208,0.163565,0.14067,0.117558,0.0942643,0.0708257,0.0472779,0.0236572,0
0,-0.0231188,-0.046202,-0.0692139,-0.0921191,-0.114882,-0.137468,-0.159842,-0.18197,-0.203817,-0.22535,-0.246535,-0.26734,-0.287733,-0.307682,-0.327157,-0.346127,-0.364564,-0.382439,-0.399723,-0.416392,-0.432418,-0.447778,-0.462447,-0.476404,-0.489625,-0.502092,-0.513784,-0.524684,-0.534776,-0.544042,-0.55247,-0.560046,-0.566758,-0.572597,-0.577552,-0.581617,-0.584785,-0.587052,-0.588413,-0.588867,-0.588413,-0.587052,-0.584785,-0.581617,-0.577552,-0.572597,-0.566758,-0.560046,-0.55247,-0.544042,-0.534776,-0.524684,-0.513784,-0.502092,-0.489625,-0.476404,-0.462447,-0.447778,-0.432418,-0.416392,-0.399723,-0.382439,-0.364564,-0.346127,-0.327157,-0.307682,-0.287733,-0.26734,-0.246535,-0.22535,-0.203817,-0.18197,-0.159842,-0.137468,-0.114882,-0.0921191,-0.0692139,-0.046202,-0.0231188,3.8915e-16,0.0231188,0.046202,0.0692139,0.0921191,0.114882,0.137468,0.159842,0.18197,0.203817,0.22535,0.246535,0.26734,0.287733,0.307682,0.327157,0.346127,0.364564,0.382439,0.399723,0.416392,0.432418,0.447778,0.462447,0.476404,0.489625,0.502092,0.513784,0.524684,0.534776,0.544042,0.55247,0.560046,0.566758,0.572597,0.577552,0.581617,0.584785,0.587052,0.588413,0.588867,0.588413,0.587052,0.584785,0.581617,0.577552,0.572597,0.566758,0.560046,0.55247,0.544042,0.534776,0.524684,0.513784,0.502092,0.489625,0.476404,0.462447,0.447778,0.432418,0.416392,0.399723,0.382439,0.364564,0.346127,0.327157,0.307682,0.287733,0.26734,0.246535,0.22535,0.203817,0.18197,0.159842,0.137468,0.114882,0.0921191,0.0692139,0.046202,0.0231188,0
0,-0.0225448,-0.0450548,-0.0674954,-0.0898319,-0.11203,-0.134055,-0.155874,-0.177452,-0.198756,-0.219754,-0.240414,-0.260702,-0.280589,-0.300043,-0.319034,-0.337533,-0.355512,-0.372943,-0.389799,-0.406053,-0.421682,-0.43666,-0.450965,-0.464575,-0.477468,-0.489625,-0.501027,-0.511657,-0.521498,-0.530534,-0.538753,-0.54614,-0.552686,-0.558379,-0.563212,-0.567176,-0.570266,-0.572476,-0.573803,-0.574246,-0.573803,-0.572476,-0.570266,-0.567176,-0.563212,-0.558379,-0.552686,-0.54614,-0.538753,-0.530534,-0.521498,-0.511657,-0.501027,-0.489625,-0.477468,-0.464575,-0.450965,-0.43666,-0.421682,-0.406053,-0.389799,-0.372943,-0.355512,-0.337533,-0.319034,-0.300043,-0.280589,-0.260702,-0.240414,-0.219754,-0.198756,-0.177452,-0.155874,-0.134055,-0.11203,-0.0898319,-0.0674954,-0.0450548,-0.0225448,-8.99965e-17,0.0225448,0.0450548,0.0674954,0.0898319,0.11203,0.134055,0.155874,0.177452,0.198756,0.219754,0.240414,0.260702,0.280589,0.300043,0.319034,0.337533,0.355512,0.372943,0.389799,0.406053,0.421682,0.43666,0.450965,0.464575,0.477468,0.489625,0.501027,0.511657,0.521498,0.530534,0.538753,0.54614,0.552686,0.558379,0.563212,0.567176,0.570266,0.572476,0.573803,0.574246,0.573803,0.572476,0.570266,0.567176,0.563212,0.558379,0.552686,0.54614,0.538753,0.530534,0.521498,0.511657,0.501027,0.489625,0.477468,0.464575,0.450965,0.43666,0.421682,0.406053,0.389799,0.372943,0.355512,0.337533,0.319034,0.300043,0.280589,0.260702,0.240414,0.219754,0.198756,0.177452,0.155874,0.134055,0.11203,0.0898319,0.0674954,0.0450548,0.0225448,0
0,-0.021936,-0.0438382,-0.0656728,-0.0874061,-0.109005,-0.130435,-0.151664,-0.17266,-0.193389,-0.21382,-0.233922,-0.253662,-0.273012,-0.29194,-0.310419,-0.328419,-0.345912,-0.362872,-0.379273,-0.395088,-0.410295,-0.424869,-0.438787,-0.45203,-0.464575,-0.476404,-0.487498,-0.49784,-0.507415,-0.516208,-0.524204,-0.531393,-0.537762,-0.543301,-0.548003,-0.55186,-0.554866,-0.557017,-0.558309,-0.558739,-0.558309,-0.557017,-0.554866,-0.55186,-0.548003,-0.543301,-0.537762,-0.531393,-0.524204,-0.516208,-0.507415,-0.49784,-0.487498,-0.476404,-0.464575,-0.45203,-0.438787,-0.424869,-0.410295,-0.395088,-0.379273,-0.362872,-0.345912,-0.328419,-0.310419,-0.29194,-0.273012,-0.253662,-0.233922,-0.21382,-0.193389,-0.17266,-0.151664,-0.130435,-0.109005,-0.0874061,-0.0656728,-0.0438382,-0.021936,3.66441e-16,0.021936,0.0438382,0.0656728,0.0874061,0.109005,0.130435,0.151664,0.17266,0.193389,0.21382,0.233922,0.253662,0.273012,0.29194,0.310419,0.328419,0.345912,0.362872,0.379273,0.395088,0.410295,0.424869,0.438787,0.45203,0.464575,0.476404,0.487498,0.49784,0.507415,0.516208,0.524204,0.531393,0.537762,0.543301,0.548003,0.55186,0.554866,0.557017,0.558309,0.558739,0.558309,0.557017,0.554866,0.55186,0.548003,0.543301,0.537762,0.531393,0.524204,0.516208,0.507415,0.49784,0.487498,0.476404,0.464575,0.45203,0.438787,0.424869,0.410295,0.395088,0.379273,0.362872,0.345912,0.328419,0.310419,0.29194,0.273012,0.253662,0.233922,0.21382,0.193389,0.17266,0.151664,0.130435,0.109005,0.0874061,0.0656728,0.0438382,0.021936,0
0,-0.0212934,-0.0425539,-0.0637489,-0.0848455,-0.105811,-0.126614,-0.147221,-0.167602,-0.187724,-0.207556,-0.227069,-0.246231,-0.265014,-0.283388,-0.301325,-0.318798,-0.335779,-0.352242,-0.368162,-0.383514,-0.398275,-0.412422,-0.425933,-0.438787,-0.450965,-0.462447,-0.473217,-0.483256,-0.492551,-0.501086,-0.508848,-0.515826,-0.522008,-0.527385,-0.53195,-0.535694,-0.538612,-0.540699,-0.541953,-0.542371,-0.541953,-0.540699,-0.538612,-0.535694,-0.53195,-0.527385,-0.522008,-0.515826,-0.508848,-0.501086,-0.492551,-0.483256,-0.473217,-0.462447,-0.450965,-0.438787,-0.425933,-0.412422,-0.398275,-0.383514,-0.368162,-0.352242,-0.335779,-0.318798,-0.301325,-0.283388,-0.265014,-0.246231,-0.227069,-0.207556,-0.187724,-0.167602,-0.147221,-0.126614,-0.105811,-0.0848455,-0.0637489,-0.0425539,-0.0212934,-7.42882e-17,0.0212934,0.0425539,0.0637489,0.0848455,0.105811,0.126614,0.147221,0.167602,0.187724,0.207556,0.227069,0.246231,0.265014,0.283388,0.301325,0.318798,0.335779,0.352242,0.368162,0.383514,0.398275,0.412422,0.425933,0.438787,0.450965,0.462447,0.473217,0.483256,0.492551,0.501086,0.508848,0.515826,0.522008,0.527385,0.53195,0.535694,0.538612,0.540699,0.541953,0.542371,0.541953,0.540699,0.538612,0.535694,0.53195,0.527385,0.522008,0.515826,0.508848,0.501086,0.492551,0.483256,0.473217,0.462447,0.450965,0.438787,0.425933,0.412422,0.398275,0.383514,0.368162,0.352242,0.335779,0.318798,0.301325,0.283388,0.265014,0.246231,0.227069,0.207556,0.187724,0.167602,0.147221,0.126614,0.105811,0.0848455,0.0637489,0.0425539,0.0212934,0
0,-0.0206179,-0.0412041,-0.0617267,-0.0821542,-0.102455,-0.122598,-0.142551,-0.162285,-0.181769,-0.200973,-0.219866,-0.238421,-0.256608,-0.274399,-0.291767,-0.308685,-0.325127,-0.341068,-0.356483,-0.371349,-0.385642,-0.39934,-0.412422,-0.424869,-0.43666,-0.447778,-0.458206,-0.467927,-0.476926,-0.485191,-0.492707,-0.499463,-0.505449,-0.510656,-0.515076,-0.518701,-0.521526,-0.523548,-0.524762,-0.525167,-0.524762,-0.523548,-0.521526,-0.518701,-0.515076,-0.510656,-0.505449,-0.499463,-0.492707,-0.485191,-0.476926,-0.467927,-0.458206,-0.447778,-0.43666,-0.424869,-0.412422,-0.39934,-0.385642,-0.371349,-0.356483,-0.341068,-0.325127,-0.308685,-0.291767,-0.274399,-0.256608,-0.238421,-0.219866,-0.200973,-0.181769,-0.162285,-0.142551,-0.122598,-0.102455,-0.0821542,-0.0617267,-0.0412041,-0.0206179,3.40433e-16,0.0206179,0.0412041,0.0617267,0.0821542,0.102455,0.122598,0.142551,0.162285,0.181769,0.200973,0.219866,0.238421,0.256608,0.274399,0.291767,0.308685,0.325127,0.341068,0.356483,0.371349,0.385642,0.39934,0.412422,0.424869,0.43666,0.447778,0.458206,0.467927,0.476926,0.485191,0.492707,0.499463,0.505449,0.510656,0.515076,0.518701,0.521526,0.523548,0.524762,0.525167,0.524762,0.523548,0.521526,0.518701,0.515076,0.510656,0.505449,0.499463,0.492707,0.485191,0.476926,0.467927,0.458206,0.447778,0.43666,0.424869,0.412422,0.39934,0.385642,0.371349,0.356483,0.341068,0.325127,0.308685,0.291767,0.274399,0.256608,0.238421,0.219866,0.200973,0.181769,0.162285,0.142551,0.122598,0.102455,0.0821542,0.0617267,0.0412041,0.0206179,0
0,-0.0199107,-0.0397907,-0.0596094,-0.0793361,-0.0989405,-0.118392,-0.137662,-0.156719,-0.175534,-0.194079,-0.212324,-0.230242,-0.247805,-0.264986,-0.281759,-0.298097,-0.313975,-0.329369,-0.344255,-0.358611,-0.372413,-0.385642,-0.398275,-0.410295,-0.421682,-0.432418,-0.442488,-0.451876,-0.460567,-0.468548,-0.475806,-0.482331,-0.488111,-0.49314,-0.497408,-0.500908,-0.503637,-0.505589,-0.506761,-0.507152,-0.506761,-0.505589,-0.503637,-0.500908,-0.497408,-0.49314,-0.488111,-0.482331,-0.475806,-0.468548,-0.460567,-0.451876,-0.442488,-0.432418,-0.421682,-0.410295,-0.398275,-0.385642,-0.372413,-0.358611,-0.344255,-0.329369,-0.313975,-0.298097,-0.281759,-0.264986,-0.247805,-0.230242,-0.212324,-0.194079,-0.175534,-0.156719,-0.137662,-0.118392,-0.0989405,-0.0793361,-0.0596094,-0.0397907,-0.0199107,-5.96396e-17,0.0199107,0.0397907,0.0596094,0.0793361,0.0989405,0.118392,0.137662,0.156719,0.175534,0.194079,0.212324,0.230242,0.247805,0.264986,0.281759,0.298097,0.313975,0.329369,0.344255,0.358611,0.372413,0.385642,0.398275,0.410295,0.421682,0.432418,0.442488,0.451876,0.460567,0.468548,0.475806,0.482331,0.488111,0.49314,0.497408,0.500908,0.503637,0.505589,0.506761,0.507152,0.506761,0.505589,0.503637,0.500908,0.497408,0.49314,0.488111,0.482331,0.475806,0.468548,0.460567,0.451876,0.442488,0.432418,0.421682,0.410295,0.398275,0.385642,0.372413,0.358611,0.344255,0.329369,0.313975,0.298097,0.281759,0.264986,0.247805,0.230242,0.212324,0.194079,0.175534,0.156719,0.137662,0.118392,0.0989405,0.0793361,0.0596094,0.0397907,0.0199107,0
0,-0.0191728,-0.038316,-0.0574001,-0.0763957,-0.0952735,-0.114004,-0.13256,-0.15091,-0.169028,-0.186886,-0.204455,-0.221709,-0.238621,-0.255165,-0.271316,-0.287048,-0.302338,-0.317162,-0.331496,-0.34532,-0.358611,-0.371349,-0.383514,-0.395088,-0.406053,-0.416392,-0.426089,-0.435128,-0.443497,-0.451182,-0.458171,-0.464454,-0.470021,-0.474863,-0.478972,-0.482344,-0.484971,-0.486851,-0.48798,-0.488356,-0.48798,-0.486851,-0.484971,-0.482344,-0.478972,-0.474863,-0.470021,-0.464454,-0.458171,-0.451182,-0.443497,-0.435128,-0.426089,-0.416392,-0.406053,-0.395088,-0.383514,-0.371349,-0.358611,-0.34532,-0.331496,-0.317162,-0.302338,-0.287048,-0.271316,-0.255165,-0.238621,-0.221709,-0.204455,-0.186886,-0.169028,-0.15091,-0.13256,-0.114004,-0.0952735,-0.0763957,-0.0574001,-0.038316,-0.0191728,3.12788e-16,0.0191728,0.038316,0.0574001,0.0763957,0.0952735,0.114004,0.13256,0.15091,0.169028,0.186886,0.204455,0.221709,0.238621,0.255165,0.271316,0.287048,0.302338,0.317162,0.331496,0.34532,0.358611,0.371349,0.383514,0.395088,0.406053,0.416392,0.426089,0.435128,0.443497,0.451182,0.458171,0.464454,0.470021,0.474863,0.478972,0.482344,0.484971,0.486851,0.48798,0.488356,0.48798,0.486851,0.484971,0.482344,0.478972,0.474863,0.470021,0.464454,0.458171,0.451182,0.443497,0.435128,0.426089,0.416392,0.406053,0.395088,0.383514,0.371349,0.358611,0.34532,0.331496,0.317162,0.302338,0.287048,0.271316,0.255165,0.238621,0.221709,0.204455,0.186886,0.169028,0.15091,0.13256,0.114004,0.0952735,0.0763957,0.0574001,0.038316,0.0191728,0
