0,0.631515,1.26206,1.89065,2.51633,3.13813,3.7551,4.36627,4.97071,5.56748,6.15567,6.73437,7.30268,7.85974,8.40467,8.93665,9.45485,9.95846,10.4467,10.9189,11.3742,11.812,12.2315,12.6322,13.0135,13.3746,13.7152,14.0346,14.3323,14.608,14.8611,15.0913,15.2983,15.4816,15.6411,15.7765,15.8875,15.974,16.036,16.0731,16.0855,16.0731,16.036,15.974,15.8875,15.7765,15.6411,15.4816,15.2983,15.0913,14.8611,14.608,14.3323,14.0346,13.7152,13.3746,13.0135,12.6322,12.2315,11.812,11.3742,10.9189,10.4467,9.95846,9.45485,8.93665,8.40467,7.85974,7.30268,6.73437,6.15567,5.56748,4.97071,4.36627,3.7551,3.13813,2.51633,1.89065,1.26206,0.631515,-2.25384e-15,-0.631515,-1.26206,-1.89065,-2.51633,-3.13813,-3.7551,-4.36627,-4.97071,-5.56748,-6.15567,-6.73437,-7.30268,-7.85974,-8.40467,-8.93665,-9.45485,-9.95846,-10.4467,-10.9189,-11.3742,-11.812,-12.2315,-12.6322,-13.0135,-13.3746,-13.7152,-14.0346,-14.3323,-14.608,-14.8611,-15.0913,-15.2983,-15.4816,-15.6411,-15.7765,-15.8875,-15.974,-16.036,-16.0731,-16.0855,-16.0731,-16.036,-15.974,-15.8875,-15.7765,-15.6411,-15.4816,-15.2983,-15.0913,-14.8611,-14.608,-14.3323,-14.0346,-13.7152,-13.3746,-13.0135,-12.6322,-12.2315,-11.812,-11.3742,-10.9189,-10.4467,-9.95846,-9.45485,-8.93665,-8.40467,-7.85974,-7.30268,-6.73437,-6.15567,-5.56748,-4.97071,-4.36627,-3.7551,-3.13813,-2.51633,-1.89065,-1.26206,-0.631515,0
0,0.630054,1.25914,1.88628,2.51051,3.13087,3.74641,4.35617,4.95921,5.5546,6.14143,6.71879,7.28579,7.84155,8.38523,8.91597,9.43297,9.93542,10.4226,10.8936,11.3479,11.7846,12.2032,12.603,12.9834,13.3437,13.6835,14.0021,14.2992,14.5742,14.8267,15.0564,15.2629,15.4458,15.6049,15.74,15.8507,15.9371,15.9989,16.036,16.0483,16.036,15.9989,15.9371,15.8507,15.74,15.6049,15.4458,15.2629,15.0564,14.8267,14.5742,14.2992,14.0021,13.6835,13.3437,12.9834,12.603,12.2032,11.7846,11.3479,10.8936,10.4226,9.93542,9.43297,8.91597,8.38523,7.84155,7.28579,6.71879,6.14143,5.5546,4.95921,4.35617,3.74641,3.13087,2.51051,1.88628,1.25914,0.630054,-8.88201e-16,-0.630054,-1.25914,-1.88628,-2.51051,-3.13087,-3.74641,-4.35617,-4.95921,-5.5546,-6.14143,-6.71879,-7.28579,-7.84155,-8.38523,-8.91597,-9.43297,-9.93542,-10.4226,-10.8936,-11.3479,-11.7846,-12.2032,-12.603,-12.9834,-13.3437,-13.6835,-14.0021,-14.2992,-14.5742,-14.8267,-15.0564,-15.2629,-15.4458,-15.6049,-15.74,-15.8507,-15.9371,-15.9989,-16.036,-16.0483,-16.036,-15.9989,-15.9371,-15.8507,-15.74,-15.6049,-15.4458,-15.2629,-15.0564,-14.8267,-14.5742,-14.2992,-14.0021,-13.6835,-13.3437,-12.9834,-12.603,-12.2032,-11.7846,-11.3479,-10.8936,-10.4226,-9.93542,-9.43297,-8.91597,-8.38523,-7.84155,-7.28579,-6.71879,-6.14143,-5.5546,-4.95921,-4.35617,-3.74641,-3.13087,-2.51051,-1.88628,-1.25914,-0.630054,0
0,0.627622,1.25428,1.879,2.50082,3.11879,3.73194,4.33935,4.94006,5.53316,6.11772,6.69285,7.25766,7.81128,8.35286,8.88155,9.39655,9.89707,10.3823,10.8516,11.3041,11.7392,12.1561,12.5544,12.9332,13.2922,13.6306,13.948,14.244,14.5179,14.7695,14.9983,15.2039,15.3862,15.5447,15.6792,15.7896,15.8756,15.9371,15.974,15.9864,15.974,15.9371,15.8756,15.7896,15.6792,15.5447,15.3862,15.2039,14.9983,14.7695,14.5179,14.244,13.948,13.6306,13.2922,12.9332,12.5544,12.1561,11.7392,11.3041,10.8516,10.3823,9.89707,9.39655,8.88155,8.35286,7.81128,7.25766,6.69285,6.11772,5.53316,4.94006,4.33935,3.73194,3.11879,2.50082,1.879,1.25428,0.627622,-2.25098e-15,-0.627622,-1.25428,-1.879,-2.50082,-3.11879,-3.73194,-4.33935,-4.94006,-5.53316,-6.11772,-6.69285,-7.25766,-7.81128,-8.35286,-8.88155,-9.39655,-9.89707,-10.3823,-10.8516,-11.3041,-11.7392,-12.1561,-12.5544,-12.9332,-13.2922,-13.6306,-13.948,-14.244,-14.5179,-14.7695,-14.9983,-15.2039,-15.3862,-15.5447,-15.6792,-15.7896,-15.8756,-15.9371,-15.974,-15.9864,-15.974,-15.9371,-15.8756,-15.7896,-15.6792,-15.5447,-15.3862,-15.2039,-14.9983,-14.7695,-14.5179,-14.244,-13.948,-13.6306,-13.2922,-12.9332,-12.5544,-12.1561,-11.7392,-11.3041,-10.8516,-10.3823,-9.89707,-9.39655,-8.88155,-8.35286,-7.81128,-7.25766,-6.69285,-6.11772,-5.53316,-4.94006,-4.33935,-3.73194,-3.11879,-2.50082,-1.879,-1.25428,-0.627622,0
0,0.624222,1.24748,1.86882,2.48727,3.10189,3.71173,4.31584,4.9133,5.50318,6.08458,6.65659,7.21834,7.76896,8.3076,8.83343,9.34565,9.84345,10.3261,10.7928,11.2428,11.6756,12.0903,12.4864,12.8632,13.2202,13.5568,13.8725,14.1668,14.4393,14.6895,14.917,15.1216,15.3028,15.4604,15.5943,15.704,15.7896,15.8507,15.8875,15.8998,15.8875,15.8507,15.7896,15.704,15.5943,15.4604,15.3028,15.1216,14.917,14.6895,14.4393,14.1668,13.8725,13.5568,13.2202,12.8632,12.4864,12.0903,11.6756,11.2428,10.7928,10.3261,9.84345,9.34565,8.83343,8.3076,7.76896,7.21834,6.65659,6.08458,5.50318,4.9133,4.31584,3.71173,3.10189,2.48727,1.86882,1.24748,0.624222,-8.86359e-16,-0.624222,-1.24748,-1.86882,-2.48727,-3.10189,-3.71173,-4.31584,-4.9133,-5.50318,-6.08458,-6.65659,-7.21834,-7.76896,-8.3076,-8.83343,-9.34565,-9.84345,-10.3261,-10.7928,-11.2428,-11.6756,-12.0903,-12.4864,-12.8632,-13.2202,-13.5568,-13.8725,-14.1668,-14.4393,-14.6895,-14.917,-15.1216,-15.3028,-15.4604,-15.5943,-15.704,-15.7896,-15.8507,-15.8875,-15.8998,-15.8875,-15.8507,-15.7896,-15.704,-15.5943,-15.4604,-15.3028,-15.1216,-14.917,-14.6895,-14.4393,-14.1668,-13.8725,-13.5568,-13.2202,-12.8632,-12.4864,-12.0903,-11.6756,-11.2428,-10.7928,-10.3261,-9.84345,-9.34565,-8.83343,-8.3076,-7.76896,-7.21834,-6.65659,-6.08458,-5.50318,-4.9133,-4.31584,-3.71173,-3.10189,-2.48727,-1.86882,-1.24748,-0.624222,0
0,0.619859,1.23876,1.85576,2.46989,3.08021,3.68578,4.28567,4.87896,5.46472,6.04205,6.61007,7.16789,7.71466,8.24954,8.7717,9.28033,9.77465,10.2539,10.7173,11.1643,11.594,12.0058,12.3991,12.7733,13.1278,13.462,13.7755,14.0678,14.3383,14.5868,14.8128,15.0159,15.1959,15.3524,15.4853,15.5943,15.6792,15.74,15.7765,15.7886,15.7765,15.74,15.6792,15.5943,15.4853,15.3524,15.1959,15.0159,14.8128,14.5868,14.3383,14.0678,13.7755,13.462,13.1278,12.7733,12.3991,12.0058,11.594,11.1643,10.7173,10.2539,9.77465,9.28033,8.7717,8.24954,7.71466,7.16789,6.61007,6.04205,5.46472,4.87896,4.28567,3.68578,3.08021,2.46989,1.85576,1.23876,0.619859,-2.19955e-15,-0.619859,-1.23876,-1.85576,-2.46989,-3.08021,-3.68578,-4.28567,-4.87896,-5.46472,-6.04205,-6.61007,-7.16789,-7.71466,-8.24954,-8.7717,-9.28033,-9.77465,-10.2539,-10.7173,-11.1643,-11.594,-12.0058,-12.3991,-12.7733,-13.1278,-13.462,-13.7755,-14.0678,-14.3383,-14.5868,-14.8128,-15.0159,-15.1959,-15.3524,-15.4853,-15.5943,-15.6792,-15.74,-15.7765,-15.7886,-15.7765,-15.74,-15.6792,-15.5943,-15.4853,-15.3524,-15.1959,-15.0159,-14.8128,-14.5868,-14.3383,-14.0678,-13.7755,-13.462,-13.1278,-12.7733,-12.3991,-12.0058,-11.594,-11.1643,-10.7173,-10.2539,-9.77465,-9.28033,-8.7717,-8.24954,-7.71466,-7.16789,-6.61007,-6.04205,-5.46472,-4.87896,-4.28567,-3.68578,-3.08021,-2.46989,-1.85576,-1.23876,-0.619859,0
0,0.61454,1.22813,1.83983,2.44869,3.05378,3.65416,4.2489,4.83709,5.41783,5.99021,6.55335,7.10639,7.64847,8.17876,8.69643,9.2007,9.69078,10.1659,10.6254,11.0685,11.4945,11.9028,12.2927,12.6637,13.0151,13.3465,13.6573,13.9471,14.2153,14.4616,14.6857,14.887,15.0655,15.2207,15.3524,15.4604,15.5447,15.6049,15.6411,15.6532,15.6411,15.6049,15.5447,15.4604,15.3524,15.2207,15.0655,14.887,14.6857,14.4616,14.2153,13.9471,13.6573,13.3465,13.0151,12.6637,12.2927,11.9028,11.4945,11.0685,10.6254,10.1659,9.69078,9.2007,8.69643,8.17876,7.64847,7.10639,6.55335,5.99021,5.41783,4.83709,4.2489,3.65416,3.05378,2.44869,1.83983,1.22813,0.61454,-8.76957e-16,-0.61454,-1.22813,-1.83983,-2.44869,-3.05378,-3.65416,-4.2489,-4.83709,-5.41783,-5.99021,-6.55335,-7.10639,-7.64847,-8.17876,-8.69643,-9.2007,-9.69078,-10.1659,-10.6254,-11.0685,-11.4945,-11.9028,-12.2927,-12.6637,-13.0151,-13.3465,-13.6573,-13.9471,-14.2153,-14.4616,-14.6857,-14.887,-15.0655,-15.2207,-15.3524,-15.4604,-15.5447,-15.6049,-15.6411,-15.6532,-15.6411,-15.6049,-15.5447,-15.4604,-15.3524,-15.2207,-15.0655,-14.887,-14.6857,-14.4616,-14.2153,-13.9471,-13.6573,-13.3465,-13.0151,-12.6637,-12.2927,-11.9028,-11.4945,-11.0685,-10.6254,-10.1659,-9.69078,-9.2007,-8.69643,-8.17876,-7.64847,-7.10639,-6.55335,-5.99021,-5.41783,-4.83709,-4.2489,-3.65416,-3.05378,-2.44869,-1.83983,-1.22813,-0.61454,0
0,0.608274,1.21561,1.82107,2.42373,3.02264,3.6169,4.20558,4.78777,5.36259,5.92913,6.48653,7.03393,7.57048,8.09536,8.60776,9.10689,9.59197,10.0623,10.517,10.9556,11.3773,11.7814,12.1674,12.5346,12.8824,13.2104,13.5181,13.8049,14.0704,14.3142,14.5359,14.7353,14.9119,15.0655,15.1959,15.3028,15.3862,15.4458,15.4816,15.4936,15.4816,15.4458,15.3862,15.3028,15.1959,15.0655,14.9119,14.7353,14.5359,14.3142,14.0704,13.8049,13.5181,13.2104,12.8824,12.5346,12.1674,11.7814,11.3773,10.9556,10.517,10.0623,9.59197,9.10689,8.60776,8.09536,7.57048,7.03393,6.48653,5.92913,5.36259,4.78777,4.20558,3.6169,3.02264,2.42373,1.82107,1.21561,0.608274,-2.10384e-15,-0.608274,-1.21561,-1.82107,-2.42373,-3.02264,-3.6169,-4.20558,-4.78777,-5.36259,-5.92913,-6.48653,-7.03393,-7.57048,-8.09536,-8.60776,-9.10689,-9.59197,-10.0623,-10.517,-10.9556,-11.3773,-11.7814,-12.1674,-12.5346,-12.8824,-13.2104,-13.5181,-13.8049,-14.0704,-14.3142,-14.5359,-14.7353,-14.9119,-15.0655,-15.1959,-15.3028,-15.3862,-15.4458,-15.4816,-15.4936,-15.4816,-15.4458,-15.3862,-15.3028,-15.1959,-15.0655,-14.9119,-14.7353,-14.5359,-14.3142,-14.0704,-13.8049,-13.5181,-13.2104,-12.8824,-12.5346,-12.1674,-11.7814,-11.3773,-10.9556,-10.517,-10.0623,-9.59197,-9.10689,-8.60776,-8.09536,-7.57048,-7.03393,-6.48653,-5.92913,-5.36259,-4.78777,-4.20558,-3.6169,-3.02264,-2.42373,-1.82107,-1.21561,-0.608274,0
0,0.60107,1.20121,1.79951,2.39502,2.98685,3.57406,4.15577,4.73107,5.29907,5.85891,6.40971,6.95062,7.48082,7.99949,8.50582,8.99903,9.47837,9.94309,10.3925,10.8259,11.2425,11.6419,12.0233,12.3861,12.7299,13.054,13.358,13.6414,13.9037,14.1447,14.3638,14.5607,14.7353,14.887,15.0159,15.1216,15.2039,15.2629,15.2983,15.3101,15.2983,15.2629,15.2039,15.1216,15.0159,14.887,14.7353,14.5607,14.3638,14.1447,13.9037,13.6414,13.358,13.054,12.7299,12.3861,12.0233,11.6419,11.2425,10.8259,10.3925,9.94309,9.47837,8.99903,8.50582,7.99949,7.48082,6.95062,6.40971,5.85891,5.29907,4.73107,4.15577,3.57406,2.98685,2.39502,1.79951,1.20121,0.60107,-7.74533e-16,-0.60107,-1.20121,-1.79951,-2.39502,-2.98685,-3.57406,-4.15577,-4.73107,-5.29907,-5.85891,-6.40971,-6.95062,-7.48082,-7.99949,-8.50582,-8.99903,-9.47837,-9.94309,-10.3925,-10.8259,-11.2425,-11.6419,-12.0233,-12.3861,-12.7299,-13.054,-13.358,-13.6414,-13.9037,-14.1447,-14.3638,-14.5607,-14.7353,-14.887,-15.0159,-15.1216,-15.2039,-15.2629,-15.2983,-15.3101,-15.2983,-15.2629,-15.2039,-15.1216,-15.0159,-14.887,-14.7353,-14.5607,-14.3638,-14.1447,-13.9037,-13.6414,-13.358,-13.054,-12.7299,-12.3861,-12.0233,-11.6419,-11.2425,-10.8259,-10.3925,-9.94309,-9.47837,-8.99903,-8.50582,-7.99949,-7.48082,-6.95062,-6.40971,-5.85891,-5.29907,-4.73107,-4.15577,-3.57406,-2.98685,-2.39502,-1.79951,-1.20121,-0.60107,0
0,0.592939,1.18496,1.77516,2.36262,2.94644,3.52572,4.09955,4.66707,5.22739,5.77965,6.323,6.8566,7.37963,7.89128,8.39076,8.8773,9.35015,9.80859,10.2519,10.6794,11.0904,11.4844,11.8606,12.2186,12.5577,12.8774,13.1773,13.4568,13.7157,13.9533,14.1695,14.3638,14.5359,14.6857,14.8128,14.917,14.9983,15.0564,15.0913,15.103,15.0913,15.0564,14.9983,14.917,14.8128,14.6857,14.5359,14.3638,14.1695,13.9533,13.7157,13.4568,13.1773,12.8774,12.5577,12.2186,11.8606,11.4844,11.0904,10.6794,10.2519,9.80859,9.35015,8.8773,8.39076,7.89128,7.37963,6.8566,6.323,5.77965,5.22739,4.66707,4.09955,3.52572,2.94644,2.36262,1.77516,1.18496,0.592939,-2.03272e-15,-0.592939,-1.18496,-1.77516,-2.36262,-2.94644,-3.52572,-4.09955,-4.66707,-5.22739,-5.77965,-6.323,-6.8566,-7.37963,-7.89128,-8.39076,-8.8773,-9.35015,-9.80859,-10.2519,-10.6794,-11.0904,-11.4844,-11.8606,-12.2186,-12.5577,-12.8774,-13.1773,-13.4568,-13.7157,-13.9533,-14.1695,-14.3638,-14.5359,-14.6857,-14.8128,-14.917,-14.9983,-15.0564,-15.0913,-15.103,-15.0913,-15.0564,-14.9983,-14.917,-14.8128,-14.6857,-14.5359,-14.3638,-14.1695,-13.9533,-13.7157,-13.4568,-13.1773,-12.8774,-12.5577,-12.2186,-11.8606,-11.4844,-11.0904,-10.6794,-10.2519,-9.80859,-9.35015,-8.8773,-8.39076,-7.89128,-7.37963,-6.8566,-6.323,-5.77965,-5.22739,-4.66707,-4.09955,-3.52572,-2.94644,-2.36262,-1.77516,-1.18496,-0.592939,0
0,0.583894,1.16689,1.74808,2.32658,2.90149,3.47193,4.03702,4.59588,5.14765,5.69149,6.22655,6.75201,7.26705,7.7709,8.26276,8.74188,9.20752,9.65896,10.0955,10.5165,10.9213,11.3092,11.6797,12.0322,12.3661,12.681,12.9763,13.2516,13.5064,13.7405,13.9533,14.1447,14.3142,14.4616,14.5868,14.6895,14.7695,14.8267,14.8611,14.8726,14.8611,14.8267,14.7695,14.6895,14.5868,14.4616,14.3142,14.1447,13.9533,13.7405,13.5064,13.2516,12.9763,12.681,12.3661,12.0322,11.6797,11.3092,10.9213,10.5165,10.0955,9.65896,9.20752,8.74188,8.26276,7.7709,7.26705,6.75201,6.22655,5.69149,5.14765,4.59588,4.03702,3.47193,2.90149,2.32658,1.74808,1.16689,0.583894,-6.72907e-16,-0.583894,-1.16689,-1.74808,-2.32658,-2.90149,-3.47193,-4.03702,-4.59588,-5.14765,-5.69149,-6.22655,-6.75201,-7.26705,-7.7709,-8.26276,-8.74188,-9.20752,-9.65896,-10.0955,-10.5165,-10.9213,-11.3092,-11.6797,-12.0322,-12.3661,-12.681,-12.9763,-13.2516,-13.5064,-13.7405,-13.9533,-14.1447,-14.3142,-14.4616,-14.5868,-14.6895,-14.7695,-14.8267,-14.8611,-14.8726,-14.8611,-14.8267,-14.7695,-14.6895,-14.5868,-14.4616,-14.3142,-14.1447,-13.9533,-13.7405,-13.5064,-13.2516,-12.9763,-12.681,-12.3661,-12.0322,-11.6797,-11.3092,-10.9213,-10.5165,-10.0955,-9.65896,-9.20752,-8.74188,-8.26276,-7.7709,-7.26705,-6.75201,-6.22655,-5.69149,-5.14765,-4.59588,-4.03702,-3.47193,-2.90149,-2.32658,-1.74808,-1.16689,-0.583894,0
0,0.573949,1.14701,1.71831,2.28695,2.85207,3.4128,3.96826,4.5176,5.05997,5.59454,6.12049,6.637,7.14327,7.63854,8.12202,8.59298,9.05069,9.49444,9.92356,10.3374,10.7352,11.1166,11.4807,11.8272,12.1555,12.465,12.7552,13.0258,13.2764,13.5064,13.7157,13.9037,14.0704,14.2153,14.3383,14.4393,14.5179,14.5742,14.608,14.6192,14.608,14.5742,14.5179,14.4393,14.3383,14.2153,14.0704,13.9037,13.7157,13.5064,13.2764,13.0258,12.7552,12.465,12.1555,11.8272,11.4807,11.1166,10.7352,10.3374,9.92356,9.49444,9.05069,8.59298,8.12202,7.63854,7.14327,6.637,6.12049,5.59454,5.05997,4.5176,3.96826,3.4128,2.85207,2.28695,1.71831,1.14701,0.573949,-1.96476e-15,-0.573949,-1.14701,-1.71831,-2.28695,-2.85207,-3.4128,-3.96826,-4.5176,-5.05997,-5.59454,-6.12049,-6.637,-7.14327,-7.63854,-8.12202,-8.59298,-9.05069,-9.49444,-9.92356,-10.3374,-10.7352,-11.1166,-11.4807,-11.8272,-12.1555,-12.465,-12.7552,-13.0258,-13.2764,-13.5064,-13.7157,-13.9037,-14.0704,-14.2153,-14.3383,-14.4393,-14.5179,-14.5742,-14.608,-14.6192,-14.608,-14.5742,-14.5179,-14.4393,-14.3383,-14.2153,-14.0704,-13.9037,-13.7157,-13.5064,-13.2764,-13.0258,-12.7552,-12.465,-12.1555,-11.8272,-11.4807,-11.1166,-10.7352,-10.3374,-9.92356,-9.49444,-9.05069,-8.59298,-8.12202,-7.63854,-7.14327,-6.637,-6.12049,-5.59454,-5.05997,-4.5176,-3.96826,-3.4128,-2.85207,-2.28695,-1.71831,-1.14701,-0.573949,0
0,0.563119,1.12537,1.68588,2.2438,2.79826,3.3484,3.89337,4.43235,4.96449,5.48897,6.005,6.51176,7.00848,7.4944,7.96876,8.43083,8.8799,9.31528,9.7363,10.1423,10.5327,10.9068,11.2641,11.604,11.9261,12.2297,12.5145,12.78,13.0258,13.2516,13.4568,13.6414,13.8049,13.9471,14.0678,14.1668,14.244,14.2992,14.3323,14.3434,14.3323,14.2992,14.244,14.1668,14.0678,13.9471,13.8049,13.6414,13.4568,13.2516,13.0258,12.78,12.5145,12.2297,11.9261,11.604,11.2641,10.9068,10.5327,10.1423,9.7363,9.31528,8.8799,8.43083,7.96876,7.4944,7.00848,6.51176,6.005,5.48897,4.96449,4.43235,3.89337,3.3484,2.79826,2.2438,1.68588,1.12537,0.563119,-6.52402e-16,-0.563119,-1.12537,-1.68588,-2.2438,-2.79826,-3.3484,-3.89337,-4.43235,-4.96449,-5.48897,-6.005,-6.51176,-7.00848,-7.4944,-7.96876,-8.43083,-8.8799,-9.31528,-9.7363,-10.1423,-10.5327,-10.9068,-11.2641,-11.604,-11.9261,-12.2297,-12.5145,-12.78,-13.0258,-13.2516,-13.4568,-13.6414,-13.8049,-13.9471,-14.0678,-14.1668,-14.244,-14.2992,-14.3323,-14.3434,-14.3323,-14.2992,-14.244,-14.1668,-14.0678,-13.9471,-13.8049,-13.6414,-13.4568,-13.2516,-13.0258,-12.78,-12.5145,-12.2297,-11.9261,-11.604,-11.2641,-10.9068,-10.5327,-10.1423,-9.7363,-9.31528,-8.8799,-8.43083,-7.96876,-7.4944,-7.00848,-6.51176,-6.005,-5.48897,-4.96449,-4.43235,-3.89337,-3.3484,-2.79826,-2.2438,-1.68588,-1.12537,-0.563119,0
0,0.55142,1.10199,1.65086,2.19718,2.74012,3.27883,3.81249,4.34027,4.86135,5.37494,5.88024,6.37648,6.86288,7.3387,7.80321,8.25568,8.69542,9.12176,9.53403,9.9316,10.3139,10.6802,11.0301,11.363,11.6783,11.9757,12.2546,12.5145,12.7552,12.9763,13.1773,13.358,13.5181,13.6573,13.7755,13.8725,13.948,14.0021,14.0346,14.0454,14.0346,14.0021,13.948,13.8725,13.7755,13.6573,13.5181,13.358,13.1773,12.9763,12.7552,12.5145,12.2546,11.9757,11.6783,11.363,11.0301,10.6802,10.3139,9.9316,9.53403,9.12176,8.69542,8.25568,7.80321,7.3387,6.86288,6.37648,5.88024,5.37494,4.86135,4.34027,3.81249,3.27883,2.74012,2.19718,1.65086,1.10199,0.55142,-1.87076e-15,-0.55142,-1.10199,-1.65086,-2.19718,-2.74012,-3.27883,-3.81249,-4.34027,-4.86135,-5.37494,-5.88024,-6.37648,-6.86288,-7.3387,-7.80321,-8.25568,-8.69542,-9.12176,-9.53403,-9.9316,-10.3139,-10.6802,-11.0301,-11.363,-11.6783,-11.9757,-12.2546,-12.5145,-12.7552,-12.9763,-13.1773,-13.358,-13.5181,-13.6573,-13.7755,-13.8725,-13.948,-14.0021,-14.0346,-14.0454,-14.0346,-14.0021,-13.948,-13.8725,-13.7755,-13.6573,-13.5181,-13.358,-13.1773,-12.9763,-12.7552,-12.5145,-12.2546,-11.9757,-11.6783,-11.363,-11.0301,-10.6802,-10.3139,-9.9316,-9.53403,-9.12176,-8.69542,-8.25568,-7.80321,-7.3387,-6.86288,-6.37648,-5.88024,-5.37494,-4.86135,-4.34027,-3.81249,-3.27883,-2.74012,-2.19718,-1.65086,-1.10199,-0.55142,0
0,0.538871,1.07691,1.61329,2.14718,2.67776,3.20422,3.72573,4.24149,4.75072,5.25262,5.74642,6.23137,6.7067,7.17169,7.62562,8.0678,8.49754,8.91417,9.31706,9.70558,10.0791,10.4372,10.7791,11.1044,11.4126,11.7031,11.9757,12.2297,12.465,12.681,12.8774,13.054,13.2104,13.3465,13.462,13.5568,13.6306,13.6835,13.7152,13.7258,13.7152,13.6835,13.6306,13.5568,13.462,13.3465,13.2104,13.054,12.8774,12.681,12.465,12.2297,11.9757,11.7031,11.4126,11.1044,10.7791,10.4372,10.0791,9.70558,9.31706,8.91417,8.49754,8.0678,7.62562,7.17169,6.7067,6.23137,5.74642,5.25262,4.75072,4.24149,3.72573,3.20422,2.67776,2.14718,1.61329,1.07691,0.538871,-6.02437e-16,-0.538871,-1.07691,-1.61329,-2.14718,-2.67776,-3.20422,-3.72573,-4.24149,-4.75072,-5.25262,-5.74642,-6.23137,-6.7067,-7.17169,-7.62562,-8.0678,-8.49754,-8.91417,-9.31706,-9.70558,-10.0791,-10.4372,-10.7791,-11.1044,-11.4126,-11.7031,-11.9757,-12.2297,-12.465,-12.681,-12.8774,-13.054,-13.2104,-13.3465,-13.462,-13.5568,-13.6306,-13.6835,-13.7152,-13.7258,-13.7152,-13.6835,-13.6306,-13.5568,-13.462,-13.3465,-13.2104,-13.054,-12.8774,-12.681,-12.465,-12.2297,-11.9757,-11.7031,-11.4126,-11.1044,-10.7791,-10.4372,-10.0791,-9.70558,-9.31706,-8.91417,-8.49754,-8.0678,-7.62562,-7.17169,-6.7067,-6.23137,-5.74642,-5.25262,-4.75072,-4.24149,-3.72573,-3.20422,-2.67776,-2.14718,-1.61329,-1.07691,-0.538871,0
0,0.525491,1.05017,1.57323,2.09387,2.61128,3.12466,3.63322,4.13618,4.63276,5.1222,5.60374,6.07664,6.54018,6.99362,7.43629,7.86748,8.28655,8.69284,9.08572,9.4646,9.82888,10.178,10.5114,10.8287,11.1292,11.4126,11.6783,11.9261,12.1555,12.3661,12.5577,12.7299,12.8824,13.0151,13.1278,13.2202,13.2922,13.3437,13.3746,13.385,13.3746,13.3437,13.2922,13.2202,13.1278,13.0151,12.8824,12.7299,12.5577,12.3661,12.1555,11.9261,11.6783,11.4126,11.1292,10.8287,10.5114,10.178,9.82888,9.4646,9.08572,8.69284,8.28655,7.86748,7.43629,6.99362,6.54018,6.07664,5.60374,5.1222,4.63276,4.13618,3.63322,3.12466,2.61128,2.09387,1.57323,1.05017,0.525491,-1.78575e-15,-0.525491,-1.05017,-1.57323,-2.09387,-2.61128,-3.12466,-3.63322,-4.13618,-4.63276,-5.1222,-5.60374,-6.07664,-6.54018,-6.99362,-7.43629,-7.86748,-8.28655,-8.69284,-9.08572,-9.4646,-9.82888,-10.178,-10.5114,-10.8287,-11.1292,-11.4126,-11.6783,-11.9261,-12.1555,-12.3661,-12.5577,-12.7299,-12.8824,-13.0151,-13.1278,-13.2202,-13.2922,-13.3437,-13.3746,-13.385,-13.3746,-13.3437,-13.2922,-13.2202,-13.1278,-13.0151,-12.8824,-12.7299,-12.5577,-12.3661,-12.1555,-11.9261,-11.6783,-11.4126,-11.1292,-10.8287,-10.5114,-10.178,-9.82888,-9.4646,-9.08572,-8.69284,-8.28655,-7.86748,-7.43629,-6.99362,-6.54018,-6.07664,-5.60374,-5.1222,-4.63276,-4.13618,-3.63322,-3.12466,-2.61128,-2.09387,-1.57323,-1.05017,-0.525491,0
0,0.511301,1.02181,1.53075,2.03733,2.54076,3.04028,3.53511,4.02449,4.50766,4.98388,5.45242,5.91255,6.36357,6.80477,7.23548,7.65503,8.06278,8.4581,8.84037,9.20902,9.56346,9.90316,10.2276,10.5362,10.8287,11.1044,11.363,11.604,11.8272,12.0322,12.2186,12.3861,12.5346,12.6637,12.7733,12.8632,12.9332,12.9834,13.0135,13.0235,13.0135,12.9834,12.9332,12.8632,12.7733,12.6637,12.5346,12.3861,12.2186,12.0322,11.8272,11.604,11.363,11.1044,10.8287,10.5362,10.2276,9.90316,9.56346,9.20902,8.84037,8.4581,8.06278,7.65503,7.23548,6.80477,6.36357,5.91255,5.45242,4.98388,4.50766,4.02449,3.53511,3.04028,2.54076,2.03733,1.53075,1.02181,0.511301,-5.49569e-16,-0.511301,-1.02181,-1.53075,-2.03733,-2.54076,-3.04028,-3.53511,-4.02449,-4.50766,-4.98388,-5.45242,-5.91255,-6.36357,-6.80477,-7.23548,-7.65503,-8.06278,-8.4581,-8.84037,-9.20902,-9.56346,-9.90316,-10.2276,-10.5362,-10.8287,-11.1044,-11.363,-11.604,-11.8272,-12.0322,-12.2186,-12.3861,-12.5346,-12.6637,-12.7733,-12.8632,-12.9332,-12.9834,-13.0135,-13.0235,-13.0135,-12.9834,-12.9332,-12.8632,-12.7733,-12.6637,-12.5346,-12.3861,-12.2186,-12.0322,-11.8272,-11.604,-11.363,-11.1044,-10.8287,-10.5362,-10.2276,-9.90316,-9.56346,-9.20902,-8.84037,-8.4581,-8.06278,-7.65503,-7.23548,-6.80477,-6.36357,-5.91255,-5.45242,-4.98388,-4.50766,-4.02449,-3.53511,-3.04028,-2.54076,-2.03733,-1.53075,-1.02181,-0.511301,0
0,0.496322,0.99188,1.48591,1.97764,2.46633,2.95122,3.43155,3.90659,4.37561,4.83788,5.29269,5.73935,6.17715,6.60542,7.02352,7.43078,7.82658,8.21032,8.5814,8.93924,9.2833,9.61305,9.92797,10.2276,10.5114,10.7791,11.0301,11.2641,11.4807,11.6797,11.8606,12.0233,12.1674,12.2927,12.3991,12.4864,12.5544,12.603,12.6322,12.642,12.6322,12.603,12.5544,12.4864,12.3991,12.2927,12.1674,12.0233,11.8606,11.6797,11.4807,11.2641,11.0301,10.7791,10.5114,10.2276,9.92797,9.61305,9.2833,8.93924,8.5814,8.21032,7.82658,7.43078,7.02352,6.60542,6.17715,5.73935,5.29269,4.83788,4.37561,3.90659,3.43155,2.95122,2.46633,1.97764,1.48591,0.99188,0.496322,-1.73336e-15,-0.496322,-0.99188,-1.48591,-1.97764,-2.46633,-2.95122,-3.43155,-3.90659,-4.37561,-4.83788,-5.29269,-5.73935,-6.17715,-6.60542,-7.02352,-7.43078,-7.82658,-8.21032,-8.5814,-8.93924,-9.2833,-9.61305,-9.92797,-10.2276,-10.5114,-10.7791,-11.0301,-11.2641,-11.4807,-11.6797,-11.8606,-12.0233,-12.1674,-12.2927,-12.3991,-12.4864,-12.5544,-12.603,-12.6322,-12.642,-12.6322,-12.603,-12.5544,-12.4864,-12.3991,-12.2927,-12.1674,-12.0233,-11.8606,-11.6797,-11.4807,-11.2641,-11.0301,-10.7791,-10.5114,-10.2276,-9.92797,-9.61305,-9.2833,-8.93924,-8.5814,-8.21032,-7.82658,-7.43078,-7.02352,-6.60542,-6.17715,-5.73935,-5.29269,-4.83788,-4.37561,-3.90659,-3.43155,-2.95122,-2.46633,-1.97764,-1.48591,-0.99188,-0.496322,0
0,0.480579,0.960416,1.43877,1.91491,2.3881,2.8576,3.3227,3.78267,4.23681,4.68442,5.12481,5.55729,5.9812,6.39589,6.80072,7.19507,7.57832,7.94988,8.30919,8.65568,8.98883,9.30811,9.61305,9.90316,10.178,10.4372,10.6802,10.9068,11.1166,11.3092,11.4844,11.6419,11.7814,11.9028,12.0058,12.0903,12.1561,12.2032,12.2315,12.241,12.2315,12.2032,12.1561,12.0903,12.0058,11.9028,11.7814,11.6419,11.4844,11.3092,11.1166,10.9068,10.6802,10.4372,10.178,9.90316,9.61305,9.30811,8.98883,8.65568,8.30919,7.94988,7.57832,7.19507,6.80072,6.39589,5.9812,5.55729,5.12481,4.68442,4.23681,3.78267,3.3227,2.8576,2.3881,1.91491,1.43877,0.960416,0.480579,-4.93508e-16,-0.480579,-0.960416,-1.43877,-1.91491,-2.3881,-2.8576,-3.3227,-3.78267,-4.23681,-4.68442,-5.12481,-5.55729,-5.9812,-6.39589,-6.80072,-7.19507,-7.57832,-7.94988,-8.30919,-8.65568,-8.98883,-9.30811,-9.61305,-9.90316,-10.178,-10.4372,-10.6802,-10.9068,-11.1166,-11.3092,-11.4844,-11.6419,-11.7814,-11.9028,-12.0058,-12.0903,-12.1561,-12.2032,-12.2315,-12.241,-12.2315,-12.2032,-12.1561,-12.0903,-12.0058,-11.9028,-11.7814,-11.6419,-11.4844,-11.3092,-11.1166,-10.9068,-10.6802,-10.4372,-10.178,-9.90316,-9.61305,-9.30811,-8.98883,-8.65568,-8.30919,-7.94988,-7.57832,-7.19507,-6.80072,-6.39589,-5.9812,-5.55729,-5.12481,-4.68442,-4.23681,-3.78267,-3.3227,-2.8576,-2.3881,-1.91491,-1.43877,-0.960416,-0.480579,0
0,0.464094,0.927472,1.38942,1.84923,2.30618,2.75958,3.20872,3.65292,4.09148,4.52374,4.94901,5.36666,5.77604,6.1765,6.56745,6.94826,7.31837,7.67718,8.02416,8.35877,8.68049,8.98883,9.2833,9.56346,9.82888,10.0791,10.3139,10.5327,10.7352,10.9213,11.0904,11.2425,11.3773,11.4945,11.594,11.6756,11.7392,11.7846,11.812,11.8211,11.812,11.7846,11.7392,11.6756,11.594,11.4945,11.3773,11.2425,11.0904,10.9213,10.7352,10.5327,10.3139,10.0791,9.82888,9.56346,9.2833,8.98883,8.68049,8.35877,8.02416,7.67718,7.31837,6.94826,6.56745,6.1765,5.77604,5.36666,4.94901,4.52374,4.09148,3.65292,3.20872,2.75958,2.30618,1.84923,1.38942,0.927472,0.464094,-1.71384e-15,-0.464094,-0.927472,-1.38942,-1.84923,-2.30618,-2.75958,-3.20872,-3.65292,-4.09148,-4.52374,-4.94901,-5.36666,-5.77604,-6.1765,-6.56745,-6.94826,-7.31837,-7.67718,-8.02416,-8.35877,-8.68049,-8.98883,-9.2833,-9.56346,-9.82888,-10.0791,-10.3139,-10.5327,-10.7352,-10.9213,-11.0904,-11.2425,-11.3773,-11.4945,-11.594,-11.6756,-11.7392,-11.7846,-11.812,-11.8211,-11.812,-11.7846,-11.7392,-11.6756,-11.594,-11.4945,-11.3773,-11.2425,-11.0904,-10.9213,-10.7352,-10.5327,-10.3139,-10.0791,-9.82888,-9.56346,-9.2833,-8.98883,-8.68049,-8.35877,-8.02416,-7.67718,-7.31837,-6.94826,-6.56745,-6.1765,-5.77604,-5.36666,-4.94901,-4.52374,-4.09148,-3.65292,-3.20872,-2.75958,-2.30618,-1.84923,-1.38942,-0.927472,-0.464094,0
0,0.446893,0.893098,1.33792,1.78069,2.22071,2.6573,3.0898,3.51753,3.93984,4.35607,4.76559,5.16776,5.56196,5.94759,6.32404,6.69074,7.04713,7.39265,7.72677,8.04898,8.35877,8.65568,8.93924,9.20902,9.4646,9.70558,9.9316,10.1423,10.3374,10.5165,10.6794,10.8259,10.9556,11.0685,11.1643,11.2428,11.3041,11.3479,11.3742,11.383,11.3742,11.3479,11.3041,11.2428,11.1643,11.0685,10.9556,10.8259,10.6794,10.5165,10.3374,10.1423,9.9316,9.70558,9.4646,9.20902,8.93924,8.65568,8.35877,8.04898,7.72677,7.39265,7.04713,6.69074,6.32404,5.94759,5.56196,5.16776,4.76559,4.35607,3.93984,3.51753,3.0898,2.6573,2.22071,1.78069,1.33792,0.893098,0.446893,-4.41493e-16,-0.446893,-0.893098,-1.33792,-1.78069,-2.22071,-2.6573,-3.0898,-3.51753,-3.93984,-4.35607,-4.76559,-5.16776,-5.56196,-5.94759,-6.32404,-6.69074,-7.04713,-7.39265,-7.72677,-8.04898,-8.35877,-8.65568,-8.93924,-9.20902,-9.4646,-9.70558,-9.9316,-10.1423,-10.3374,-10.5165,-10.6794,-10.8259,-10.9556,-11.0685,-11.1643,-11.2428,-11.3041,-11.3479,-11.3742,-11.383,-11.3742,-11.3479,-11.3041,-11.2428,-11.1643,-11.0685,-10.9556,-10.8259,-10.6794,-10.5165,-10.3374,-10.1423,-9.9316,-9.70558,-9.4646,-9.20902,-8.93924,-8.65568,-8.35877,-8.04898,-7.72677,-7.39265,-7.04713,-6.69074,-6.32404,-5.94759,-5.56196,-5.16776,-4.76559,-4.35607,-3.93984,-3.51753,-3.0898,-2.6573,-2.22071,-1.78069,-1.33792,-0.893098,-0.446893,0
