0,-0.0707851,-0.141461,-0.211919,-0.28205,-0.351746,-0.4209,-0.489405,-0.557155,-0.624046,-0.689975,-0.75484,-0.818541,-0.88098,-0.942061,-1.00169,-1.05977,-1.11622,-1.17095,-1.22387,-1.27491,-1.32398,-1.37101,-1.41592,-1.45865,-1.49913,-1.5373,-1.5731,-1.60648,-1.63738,-1.66575,-1.69155,-1.71475,-1.7353,-1.75318,-1.76835,-1.78079,-1.79049,-1.79743,-1.8016,-1.80299,-1.8016,-1.79743,-1.79049,-1.78079,-1.76835,-1.75318,-1.7353,-1.71475,-1.69155,-1.66575,-1.63738,-1.60648,-1.5731,-1.5373,-1.49913,-1.45865,-1.41592,-1.37101,-1.32398,-1.27491,-1.22387,-1.17095,-1.11622,-1.05977,-1.00169,-0.942061,-0.88098,-0.818541,-0.75484,-0.689975,-0.624046,-0.557155,-0.489405,-0.4209,-0.351746,-0.28205,-0.211919,-0.141461,-0.0707851,-5.21697e-17,0.0707851,0.141461,0.211919,0.28205,0.351746,0.4209,0.489405,0.557155,0.624046,0.689975,0.75484,0.818541,0.88098,0.942061,1.00169,1.05977,1.11622,1.17095,1.22387,1.27491,1.32398,1.37101,1.41592,1.45865,1.49913,1.5373,1.5731,1.60648,1.63738,1.66575,1.69155,1.71475,1.7353,1.75318,1.76835,1.78079,1.79049,1.79743,1.8016,1.80299,1.8016,1.79743,1.79049,1.78079,1.76835,1.75318,1.7353,1.71475,1.69155,1.66575,1.63738,1.60648,1.5731,1.5373,1.49913,1.45865,1.41592,1.37101,1.32398,1.27491,1.22387,1.17095,1.11622,1.05977,1.00169,0.942061,0.88098,0.818541,0.75484,0.689975,0.624046,0.557155,0.489405,0.4209,0.351746,0.28205,0.211919,0.141461,0.0707851,0
0,-0.0677243,-0.135344,-0.202755,-0.269854,-0.336536,-0.4027,-0.468242,-0.533063,-0.597061,-0.660139,-0.7222,-0.783146,-0.842885,-0.901324,-0.958374,-1.01395,-1.06795,-1.12032,-1.17095,-1.21978,-1.26673,-1.31172,-1.35469,-1.39558,-1.43431,-1.47083,-1.50508,-1.53701,-1.56657,-1.59372,-1.61841,-1.6406,-1.66026,-1.67736,-1.69188,-1.70379,-1.71307,-1.71971,-1.7237,-1.72503,-1.7237,-1.71971,-1.71307,-1.70379,-1.69188,-1.67736,-1.66026,-1.6406,-1.61841,-1.59372,-1.56657,-1.53701,-1.50508,-1.47083,-1.43431,-1.39558,-1.35469,-1.31172,-1.26673,-1.21978,-1.17095,-1.12032,-1.06795,-1.01395,-0.958374,-0.901324,-0.842885,-0.783146,-0.7222,-0.660139,-0.597061,-0.533063,-0.468242,-0.4027,-0.336536,-0.269854,-0.202755,-0.135344,-0.0677243,2.52952e-16,0.0677243,0.135344,0.202755,0.269854,0.336536,0.4027,0.468242,0.533063,0.597061,0.660139,0.7222,0.783146,0.842885,0.901324,0.958374,1.01395,1.06795,1.12032,1.17095,1.21978,1.26673,1.31172,1.35469,1.39558,1.43431,1.47083,1.50508,1.53701,1.56657,1.59372,1.61841,1.6406,1.66026,1.67736,1.69188,1.70379,1.71307,1.71971,1.7237,1.72503,1.7237,1.71971,1.71307,1.70379,1.69188,1.67736,1.66026,1.6406,1.61841,1.59372,1.56657,1.53701,1.50508,1.47083,1.43431,1.39558,1.35469,1.31172,1.26673,1.21978,1.17095,1.12032,1.06795,1.01395,0.958374,0.901324,0.842885,0.783146,0.7222,0.660139,0.597061,0.533063,0.468242,0.4027,0.336536,0.269854,0.202755,0.135344,0.0677243,0
0,-0.0645589,-0.129018,-0.193279,-0.257241,-0.320807,-0.383878,-0.446357,-0.508148,-0.569156,-0.629286,-0.688445,-0.746543,-0.80349,-0.859198,-0.913581,-0.966556,-1.01804,-1.06795,-1.11622,-1.16277,-1.20752,-1.25041,-1.29138,-1.33035,-1.36727,-1.40208,-1.43473,-1.46517,-1.49335,-1.51923,-1.54276,-1.56392,-1.58266,-1.59897,-1.61281,-1.62416,-1.633,-1.63933,-1.64313,-1.6444,-1.64313,-1.63933,-1.633,-1.62416,-1.61281,-1.59897,-1.58266,-1.56392,-1.54276,-1.51923,-1.49335,-1.46517,-1.43473,-1.40208,-1.36727,-1.33035,-1.29138,-1.25041,-1.20752,-1.16277,-1.11622,-1.06795,-1.01804,-0.966556,-0.913581,-0.859198,-0.80349,-0.746543,-0.688445,-0.629286,-0.569156,-0.508148,-0.446357,-0.383878,-0.320807,-0.257241,-0.193279,-0.129018,-0.0645589,-3.88786e-17,0.0645589,0.129018,0.193279,0.257241,0.320807,0.383878,0.446357,0.508148,0.569156,0.629286,0.688445,0.746543,0.80349,0.859198,0.913581,0.966556,1.01804,1.06795,1.11622,1.16277,1.20752,1.25041,1.29138,1.33035,1.36727,1.40208,1.43473,1.46517,1.49335,1.51923,1.54276,1.56392,1.58266,1.59897,1.61281,1.62416,1.633,1.63933,1.64313,1.6444,1.64313,1.63933,1.633,1.62416,1.61281,1.59897,1.58266,1.56392,1.54276,1.51923,1.49335,1.46517,1.43473,1.40208,1.36727,1.33035,1.29138,1.25041,1.20752,1.16277,1.11622,1.06795,1.01804,0.966556,0.913581,0.859198,0.80349,0.746543,0.688445,0.629286,0.569156,0.508148,0.446357,0.383878,0.320807,0.257241,0.193279,0.129018,0.0645589,0
0,-0.0612941,-0.122494,-0.183504,-0.244232,-0.304583,-0.364465,-0.423784,-0.48245,-0.540373,-0.597461,-0.653629,-0.708789,-0.762856,-0.815747,-0.86738,-0.917675,-0.966556,-1.01395,-1.05977,-1.10396,-1.14646,-1.18718,-1.22607,-1.26307,-1.29813,-1.33118,-1.36218,-1.39108,-1.41783,-1.4424,-1.46474,-1.48483,-1.50263,-1.5181,-1.53124,-1.54202,-1.55042,-1.55643,-1.56004,-1.56124,-1.56004,-1.55643,-1.55042,-1.54202,-1.53124,-1.5181,-1.50263,-1.48483,-1.46474,-1.4424,-1.41783,-1.39108,-1.36218,-1.33118,-1.29813,-1.26307,-1.22607,-1.18718,-1.14646,-1.10396,-1.05977,-1.01395,-0.966556,-0.917675,-0.86738,-0.815747,-0.762856,-0.708789,-0.653629,-0.597461,-0.540373,-0.48245,-0.423784,-0.364465,-0.304583,-0.244232,-0.183504,-0.122494,-0.0612941,2.22733e-16,0.0612941,0.122494,0.183504,0.244232,0.304583,0.364465,0.423784,0.48245,0.540373,0.597461,0.653629,0.708789,0.762856,0.815747,0.86738,0.917675,0.966556,1.01395,1.05977,1.10396,1.14646,1.18718,1.22607,1.26307,1.29813,1.33118,1.36218,1.39108,1.41783,1.4424,1.46474,1.48483,1.50263,1.5181,1.53124,1.54202,1.55042,1.55643,1.56004,1.56124,1.56004,1.55643,1.55042,1.54202,1.53124,1.5181,1.50263,1.48483,1.46474,1.4424,1.41783,1.39108,1.36218,1.33118,1.29813,1.26307,1.22607,1.18718,1.14646,1.10396,1.05977,1.01395,0.966556,0.917675,0.86738,0.815747,0.762856,0.708789,0.653629,0.597461,0.540373,0.48245,0.423784,0.364465,0.304583,0.244232,0.183504,0.122494,0.0612941,0
0,-0.0579347,-0.11578,-0.173447,-0.230846,-0.28789,-0.344489,-0.400558,-0.456008,-0.510756,-0.564716,-0.617805,-0.669942,-0.721046,-0.771038,-0.819841,-0.86738,-0.913581,-0.958374,-1.00169,-1.04346,-1.08362,-1.12211,-1.15887,-1.19385,-1.22698,-1.25822,-1.28752,-1.31484,-1.34012,-1.36335,-1.38446,-1.40345,-1.42027,-1.4349,-1.44732,-1.45751,-1.46545,-1.47113,-1.47454,-1.47567,-1.47454,-1.47113,-1.46545,-1.45751,-1.44732,-1.4349,-1.42027,-1.40345,-1.38446,-1.36335,-1.34012,-1.31484,-1.28752,-1.25822,-1.22698,-1.19385,-1.15887,-1.12211,-1.08362,-1.04346,-1.00169,-0.958374,-0.913581,-0.86738,-0.819841,-0.771038,-0.721046,-0.669942,-0.617805,-0.564716,-0.510756,-0.456008,-0.400558,-0.344489,-0.28789,-0.230846,-0.173447,-0.11578,-0.0579347,-2.72776e-17,0.0579347,0.11578,0.173447,0.230846,0.28789,0.344489,0.400558,0.456008,0.510756,0.564716,0.617805,0.669942,0.721046,0.771038,0.819841,0.86738,0.913581,0.958374,1.00169,1.04346,1.08362,1.12211,1.15887,1.19385,1.22698,1.25822,1.28752,1.31484,1.34012,1.36335,1.38446,1.40345,1.42027,1.4349,1.44732,1.45751,1.46545,1.47113,1.47454,1.47567,1.47454,1.47113,1.46545,1.45751,1.44732,1.4349,1.42027,1.40345,1.38446,1.36335,1.34012,1.31484,1.28752,1.25822,1.22698,1.19385,1.15887,1.12211,1.08362,1.04346,1.00169,0.958374,0.913581,0.86738,0.819841,0.771038,0.721046,0.669942,0.617805,0.564716,0.510756,0.456008,0.400558,0.344489,0.28789,0.230846,0.173447,0.11578,0.0579347,0
0,-0.054486,-0.108888,-0.163122,-0.217105,-0.270752,-0.323983,-0.376714,-0.428863,-0.480352,-0.5311,-0.581029,-0.630062,-0.678124,-0.72514,-0.771038,-0.815747,-0.859198,-0.901324,-0.942061,-0.981345,-1.01912,-1.05532,-1.08989,-1.12278,-1.15394,-1.18332,-1.21088,-1.23657,-1.26035,-1.28219,-1.30205,-1.31991,-1.33573,-1.34949,-1.36116,-1.37074,-1.37821,-1.38355,-1.38676,-1.38783,-1.38676,-1.38355,-1.37821,-1.37074,-1.36116,-1.34949,-1.33573,-1.31991,-1.30205,-1.28219,-1.26035,-1.23657,-1.21088,-1.18332,-1.15394,-1.12278,-1.08989,-1.05532,-1.01912,-0.981345,-0.942061,-0.901324,-0.859198,-0.815747,-0.771038,-0.72514,-0.678124,-0.630062,-0.581029,-0.5311,-0.480352,-0.428863,-0.376714,-0.323983,-0.270752,-0.217105,-0.163122,-0.108888,-0.054486,1.98317e-16,0.054486,0.108888,0.163122,0.217105,0.270752,0.323983,0.376714,0.428863,0.480352,0.5311,0.581029,0.630062,0.678124,0.72514,0.771038,0.815747,0.859198,0.901324,0.942061,0.981345,1.01912,1.05532,1.08989,1.12278,1.15394,1.18332,1.21088,1.23657,1.26035,1.28219,1.30205,1.31991,1.33573,1.34949,1.36116,1.37074,1.37821,1.38355,1.38676,1.38783,1.38676,1.38355,1.37821,1.37074,1.36116,1.34949,1.33573,1.31991,1.30205,1.28219,1.26035,1.23657,1.21088,1.18332,1.15394,1.12278,1.08989,1.05532,1.01912,0.981345,0.942061,0.901324,0.859198,0.815747,0.771038,0.72514,0.678124,0.630062,0.581029,0.5311,0.480352,0.428863,0.376714,0.323983,0.270752,0.217105,0.163122,0.108888,0.054486,0
0,-0.0509533,-0.101828,-0.152546,-0.203028,-0.253198,-0.302977,-0.352289,-0.401057,-0.449207,-0.496665,-0.543357,-0.589211,-0.634156,-0.678124,-0.721046,-0.762856,-0.80349,-0.842885,-0.88098,-0.917717,-0.953039,-0.986892,-1.01922,-1.04998,-1.07912,-1.1066,-1.13237,-1.15639,-1.17863,-1.19906,-1.21763,-1.23433,-1.24912,-1.26199,-1.27291,-1.28187,-1.28885,-1.29385,-1.29685,-1.29785,-1.29685,-1.29385,-1.28885,-1.28187,-1.27291,-1.26199,-1.24912,-1.23433,-1.21763,-1.19906,-1.17863,-1.15639,-1.13237,-1.1066,-1.07912,-1.04998,-1.01922,-0.986892,-0.953039,-0.917717,-0.88098,-0.842885,-0.80349,-0.762856,-0.721046,-0.678124,-0.634156,-0.589211,-0.543357,-0.496665,-0.449207,-0.401057,-0.352289,-0.302977,-0.253198,-0.203028,-0.152546,-0.101828,-0.0509533,-2.09173e-17,0.0509533,0.101828,0.152546,0.203028,0.253198,0.302977,0.352289,0.401057,0.449207,0.496665,0.543357,0.589211,0.634156,0.678124,0.721046,0.762856,0.80349,0.842885,0.88098,0.917717,0.953039,0.986892,1.01922,1.04998,1.07912,1.1066,1.13237,1.15639,1.17863,1.19906,1.21763,1.23433,1.24912,1.26199,1.27291,1.28187,1.28885,1.29385,1.29685,1.29785,1.29685,1.29385,1.28885,1.28187,1.27291,1.26199,1.24912,1.23433,1.21763,1.19906,1.17863,1.15639,1.13237,1.1066,1.07912,1.04998,1.01922,0.986892,0.953039,0.917717,0.88098,0.842885,0.80349,0.762856,0.721046,0.678124,0.634156,0.589211,0.543357,0.496665,0.449207,0.401057,0.352289,0.302977,0.253198,0.203028,0.152546,0.101828,0.0509533,0
0,-0.047342,-0.094611,-0.141734,-0.188639,-0.235252,-0.281503,-0.32732,-0.372632,-0.41737,-0.461464,-0.504847,-0.547451,-0.589211,-0.630062,-0.669942,-0.708789,-0.746543,-0.783146,-0.818541,-0.852675,-0.885493,-0.916946,-0.946985,-0.975564,-1.00264,-1.02817,-1.05211,-1.07443,-1.0951,-1.11407,-1.13133,-1.14684,-1.16059,-1.17255,-1.18269,-1.19102,-1.19751,-1.20215,-1.20493,-1.20586,-1.20493,-1.20215,-1.19751,-1.19102,-1.18269,-1.17255,-1.16059,-1.14684,-1.13133,-1.11407,-1.0951,-1.07443,-1.05211,-1.02817,-1.00264,-0.975564,-0.946985,-0.916946,-0.885493,-0.852675,-0.818541,-0.783146,-0.746543,-0.708789,-0.669942,-0.630062,-0.589211,-0.547451,-0.504847,-0.461464,-0.41737,-0.372632,-0.32732,-0.281503,-0.235252,-0.188639,-0.141734,-0.094611,-0.047342,1.71226e-16,0.047342,0.094611,0.141734,0.188639,0.235252,0.281503,0.32732,0.372632,0.41737,0.461464,0.504847,0.547451,0.589211,0.630062,0.669942,0.708789,0.746543,0.783146,0.818541,0.852675,0.885493,0.916946,0.946985,0.975564,1.00264,1.02817,1.05211,1.07443,1.0951,1.11407,1.13133,1.14684,1.16059,1.17255,1.18269,1.19102,1.19751,1.20215,1.20493,1.20586,1.20493,1.20215,1.19751,1.19102,1.18269,1.17255,1.16059,1.14684,1.13133,1.11407,1.0951,1.07443,1.05211,1.02817,1.00264,0.975564,0.946985,0.916946,0.885493,0.852675,0.818541,0.783146,0.746543,0.708789,0.669942,0.630062,0.589211,0.547451,0.504847,0.461464,0.41737,0.372632,0.32732,0.281503,0.235252,0.188639,0.141734,0.094611,0.047342,0
0,-0.0436577,-0.0872481,-0.130704,-0.173958,-0.216944,-0.259596,-0.301847,-0.343633,-0.384889,-0.425552,-0.465558,-0.504847,-0.543357,-0.581029,-0.617805,-0.653629,-0.688445,-0.7222,-0.75484,-0.786317,-0.816582,-0.845587,-0.873288,-0.899643,-0.924611,-0.948153,-0.970233,-0.990817,-1.00987,-1.02737,-1.04329,-1.05759,-1.07027,-1.0813,-1.09065,-1.09833,-1.10431,-1.10859,-1.11116,-1.11202,-1.11116,-1.10859,-1.10431,-1.09833,-1.09065,-1.0813,-1.07027,-1.05759,-1.04329,-1.02737,-1.00987,-0.990817,-0.970233,-0.948153,-0.924611,-0.899643,-0.873288,-0.845587,-0.816582,-0.786317,-0.75484,-0.7222,-0.688445,-0.653629,-0.617805,-0.581029,-0.543357,-0.504847,-0.465558,-0.425552,-0.384889,-0.343633,-0.301847,-0.259596,-0.216944,-0.173958,-0.130704,-0.0872481,-0.0436577,-1.49892e-17,0.0436577,0.0872481,0.130704,0.173958,0.216944,0.259596,0.301847,0.343633,0.384889,0.425552,0.465558,0.504847,0.543357,0.581029,0.617805,0.653629,0.688445,0.7222,0.75484,0.786317,0.816582,0.845587,0.873288,0.899643,0.924611,0.948153,0.970233,0.990817,1.00987,1.02737,1.04329,1.05759,1.07027,1.0813,1.09065,1.09833,1.10431,1.10859,1.11116,1.11202,1.11116,1.10859,1.10431,1.09833,1.09065,1.0813,1.07027,1.05759,1.04329,1.02737,1.00987,0.990817,0.970233,0.948153,0.924611,0.899643,0.873288,0.845587,0.816582,0.786317,0.75484,0.7222,0.688445,0.653629,0.617805,0.581029,0.543357,0.504847,0.465558,0.425552,0.384889,0.343633,0.301847,0.259596,0.216944,0.173958,0.130704,0.0872481,0.0436577,0
0,-0.0399061,-0.0797507,-0.119472,-0.15901,-0.198302,-0.237288,-0.275909,-0.314104,-0.351815,-0.388983,-0.425552,-0.461464,-0.496665,-0.5311,-0.564716,-0.597461,-0.629286,-0.660139,-0.689975,-0.718747,-0.746411,-0.772924,-0.798245,-0.822335,-0.845157,-0.866676,-0.886859,-0.905674,-0.923093,-0.939089,-0.953636,-0.966713,-0.978299,-0.988377,-0.996931,-1.00395,-1.00942,-1.01333,-1.01568,-1.01646,-1.01568,-1.01333,-1.00942,-1.00395,-0.996931,-0.988377,-0.978299,-0.966713,-0.953636,-0.939089,-0.923093,-0.905674,-0.886859,-0.866676,-0.845157,-0.822335,-0.798245,-0.772924,-0.746411,-0.718747,-0.689975,-0.660139,-0.629286,-0.597461,-0.564716,-0.5311,-0.496665,-0.461464,-0.425552,-0.388983,-0.351815,-0.314104,-0.275909,-0.237288,-0.198302,-0.15901,-0.119472,-0.0797507,-0.0399061,1.41786e-16,0.0399061,0.0797507,0.119472,0.15901,0.198302,0.237288,0.275909,0.314104,0.351815,0.388983,0.425552,0.461464,0.496665,0.5311,0.564716,0.597461,0.629286,0.660139,0.689975,0.718747,0.746411,0.772924,0.798245,0.822335,0.845157,0.866676,0.886859,0.905674,0.923093,0.939089,0.953636,0.966713,0.978299,0.988377,0.996931,1.00395,1.00942,1.01333,1.01568,1.01646,1.01568,1.01333,1.00942,1.00395,0.996931,0.988377,0.978299,0.966713,0.953636,0.939089,0.923093,0.905674,0.886859,0.866676,0.845157,0.822335,0.798245,0.772924,0.746411,0.718747,0.689975,0.660139,0.629286,0.597461,0.564716,0.5311,0.496665,0.461464,0.425552,0.388983,0.351815,0.314104,0.275909,0.237288,0.198302,0.15901,0.119472,0.0797507,0.0399061,0
0,-0.036093,-0.0721303,-0.108056,-0.143816,-0.179354,-0.214615,-0.249545,-0.284091,-0.318198,-0.351815,-0.384889,-0.41737,-0.449207,-0.480352,-0.510756,-0.540373,-0.569156,-0.597061,-0.624046,-0.650069,-0.67509,-0.699069,-0.721971,-0.743759,-0.7644,-0.783863,-0.802118,-0.819135,-0.834889,-0.849356,-0.862514,-0.874341,-0.88482,-0.893935,-0.901672,-0.908018,-0.912964,-0.916503,-0.918628,-0.919337,-0.918628,-0.916503,-0.912964,-0.908018,-0.901672,-0.893935,-0.88482,-0.874341,-0.862514,-0.849356,-0.834889,-0.819135,-0.802118,-0.783863,-0.7644,-0.743759,-0.721971,-0.699069,-0.67509,-0.650069,-0.624046,-0.597061,-0.569156,-0.540373,-0.510756,-0.480352,-0.449207,-0.41737,-0.384889,-0.351815,-0.318198,-0.284091,-0.249545,-0.214615,-0.179354,-0.143816,-0.108056,-0.0721303,-0.036093,-1.30524e-17,0.036093,0.0721303,0.108056,0.143816,0.179354,0.214615,0.249545,0.284091,0.318198,0.351815,0.384889,0.41737,0.449207,0.480352,0.510756,0.540373,0.569156,0.597061,0.624046,0.650069,0.67509,0.699069,0.721971,0.743759,0.7644,0.783863,0.802118,0.819135,0.834889,0.849356,0.862514,0.874341,0.88482,0.893935,0.901672,0.908018,0.912964,0.916503,0.918628,0.919337,0.918628,0.916503,0.912964,0.908018,0.901672,0.893935,0.88482,0.874341,0.862514,0.849356,0.834889,0.819135,0.802118,0.783863,0.7644,0.743759,0.721971,0.699069,0.67509,0.650069,0.624046,0.597061,0.569156,0.540373,0.510756,0.480352,0.449207,0.41737,0.384889,0.351815,0.318198,0.284091,0.249545,0.214615,0.179354,0.143816,0.108056,0.0721303,0.036093,0
0,-0.0322242,-0.0643987,-0.0964739,-0.1284,-0.160129,-0.19161,-0.222797,-0.253639,-0.284091,-0.314104,-0.343633,-0.372632,-0.401057,-0.428863,-0.456008,-0.48245,-0.508148,-0.533063,-0.557155,-0.580389,-0.602727,-0.624136,-0.644583,-0.664036,-0.682465,-0.699842,-0.716139,-0.731332,-0.745398,-0.758314,-0.770061,-0.780621,-0.789977,-0.798115,-0.805022,-0.810688,-0.815104,-0.818263,-0.820161,-0.820794,-0.820161,-0.818263,-0.815104,-0.810688,-0.805022,-0.798115,-0.789977,-0.780621,-0.770061,-0.758314,-0.745398,-0.731332,-0.716139,-0.699842,-0.682465,-0.664036,-0.644583,-0.624136,-0.602727,-0.580389,-0.557155,-0.533063,-0.508148,-0.48245,-0.456008,-0.428863,-0.401057,-0.372632,-0.343633,-0.314104,-0.284091,-0.253639,-0.222797,-0.19161,-0.160129,-0.1284,-0.0964739,-0.0643987,-0.0322242,1.10542e-16,0.0322242,0.0643987,0.0964739,0.1284,0.160129,0.19161,0.222797,0.253639,0.284091,0.314104,0.343633,0.372632,0.401057,0.428863,0.456008,0.48245,0.508148,0.533063,0.557155,0.580389,0.602727,0.624136,0.644583,0.664036,0.682465,0.699842,0.716139,0.731332,0.745398,0.758314,0.770061,0.780621,0.789977,0.798115,0.805022,0.810688,0.815104,0.818263,0.820161,0.820794,0.820161,0.818263,0.815104,0.810688,0.805022,0.798115,0.789977,0.780621,0.770061,0.758314,0.745398,0.731332,0.716139,0.699842,0.682465,0.664036,0.644583,0.624136,0.602727,0.580389,0.557155,0.533063,0.508148,0.48245,0.456008,0.428863,0.401057,0.372632,0.343633,0.314104,0.284091,0.253639,0.222797,0.19161,0.160129,0.1284,0.0964739,0.0643987,0.0322242,0
0,-0.0283057,-0.0565678,-0.0847427,-0.112787,-0.140657,-0.168311,-0.195704,-0.222797,-0.249545,-0.275909,-0.301847,-0.32732,-0.352289,-0.376714,-0.400558,-0.423784,-0.446357,-0.468242,-0.489405,-0.509813,-0.529435,-0.548241,-0.566202,-0.583289,-0.599477,-0.614741,-0.629056,-0.642402,-0.654757,-0.666103,-0.676422,-0.685697,-0.693916,-0.701064,-0.707131,-0.712108,-0.715987,-0.718762,-0.720429,-0.720985,-0.720429,-0.718762,-0.715987,-0.712108,-0.707131,-0.701064,-0.693916,-0.685697,-0.676422,-0.666103,-0.654757,-0.642402,-0.629056,-0.614741,-0.599477,-0.583289,-0.566202,-0.548241,-0.529435,-0.509813,-0.489405,-0.468242,-0.446357,-0.423784,-0.400558,-0.376714,-0.352289,-0.32732,-0.301847,-0.275909,-0.249545,-0.222797,-0.195704,-0.168311,-0.140657,-0.112787,-0.0847427,-0.0565678,-0.0283057,-6.2264e-18,0.0283057,0.0565678,0.0847427,0.112787,0.140657,0.168311,0.195704,0.222797,0.249545,0.275909,0.301847,0.32732,0.352289,0.376714,0.400558,0.423784,0.446357,0.468242,0.489405,0.509813,0.529435,0.548241,0.566202,0.583289,0.599477,0.614741,0.629056,0.642402,0.654757,0.666103,0.676422,0.685697,0.693916,0.701064,0.707131,0.712108,0.715987,0.718762,0.720429,0.720985,0.720429,0.718762,0.715987,0.712108,0.707131,0.701064,0.693916,0.685697,0.676422,0.666103,0.654757,0.642402,0.629056,0.614741,0.599477,0.583289,0.566202,0.548241,0.529435,0.509813,0.489405,0.468242,0.446357,0.423784,0.400558,0.376714,0.352289,0.32732,0.301847,0.275909,0.249545,0.222797,0.195704,0.168311,0.140657,0.112787,0.0847427,0.0565678,0.0283057,0
0,-0.0243436,-0.0486497,-0.0728808,-0.0969994,-0.120969,-0.144751,-0.168311,-0.19161,-0.214615,-0.237288,-0.259596,-0.281503,-0.302977,-0.323983,-0.344489,-0.364465,-0.383878,-0.4027,-0.4209,-0.438452,-0.455327,-0.471501,-0.486947,-0.501643,-0.515565,-0.528692,-0.541004,-0.552481,-0.563107,-0.572865,-0.581739,-0.589716,-0.596784,-0.602932,-0.60815,-0.61243,-0.615766,-0.618153,-0.619586,-0.620064,-0.619586,-0.618153,-0.615766,-0.61243,-0.60815,-0.602932,-0.596784,-0.589716,-0.581739,-0.572865,-0.563107,-0.552481,-0.541004,-0.528692,-0.515565,-0.501643,-0.486947,-0.471501,-0.455327,-0.438452,-0.4209,-0.4027,-0.383878,-0.364465,-0.344489,-0.323983,-0.302977,-0.281503,-0.259596,-0.237288,-0.214615,-0.19161,-0.168311,-0.144751,-0.120969,-0.0969994,-0.0728808,-0.0486497,-0.0243436,7.79156e-17,0.0243436,0.0486497,0.0728808,0.0969994,0.120969,0.144751,0.168311,0.19161,0.214615,0.237288,0.259596,0.281503,0.302977,0.323983,0.344489,0.364465,0.383878,0.4027,0.4209,0.438452,0.455327,0.471501,0.486947,0.501643,0.515565,0.528692,0.541004,0.552481,0.563107,0.572865,0.581739,0.589716,0.596784,0.602932,0.60815,0.61243,0.615766,0.618153,0.619586,0.620064,0.619586,0.618153,0.615766,0.61243,0.60815,0.602932,0.596784,0.589716,0.581739,0.572865,0.563107,0.552481,0.541004,0.528692,0.515565,0.501643,0.486947,0.471501,0.455327,0.438452,0.4209,0.4027,0.383878,0.364465,0.344489,0.323983,0.302977,0.281503,0.259596,0.237288,0.214615,0.19161,0.168311,0.144751,0.120969,0.0969994,0.0728808,0.0486497,0.0243436,0
0,-0.020344,-0.0406566,-0.0609065,-0.0810625,-0.101093,-0.120969,-0.140657,-0.160129,-0.179354,-0.198302,-0.216944,-0.235252,-0.253198,-0.270752,-0.28789,-0.304583,-0.320807,-0.336536,-0.351746,-0.366414,-0.380517,-0.394033,-0.406942,-0.419223,-0.430858,-0.441828,-0.452117,-0.461709,-0.470589,-0.478743,-0.486159,-0.492826,-0.498733,-0.50387,-0.508231,-0.511808,-0.514596,-0.516591,-0.517788,-0.518188,-0.517788,-0.516591,-0.514596,-0.511808,-0.508231,-0.50387,-0.498733,-0.492826,-0.486159,-0.478743,-0.470589,-0.461709,-0.452117,-0.441828,-0.430858,-0.419223,-0.406942,-0.394033,-0.380517,-0.366414,-0.351746,-0.336536,-0.320807,-0.304583,-0.28789,-0.270752,-0.253198,-0.235252,-0.216944,-0.198302,-0.179354,-0.160129,-0.140657,-0.120969,-0.101093,-0.0810625,-0.0609065,-0.0406566,-0.020344,-2.63877e-18,0.020344,0.0406566,0.0609065,0.0810625,0.101093,0.120969,0.140657,0.160129,0.179354,0.198302,0.216944,0.235252,0.253198,0.270752,0.28789,0.304583,0.320807,0.336536,0.351746,0.366414,0.380517,0.394033,0.406942,0.419223,0.430858,0.441828,0.452117,0.461709,0.470589,0.478743,0.486159,0.492826,0.498733,0.50387,0.508231,0.511808,0.514596,0.516591,0.517788,0.518188,0.517788,0.516591,0.514596,0.511808,0.508231,0.50387,0.498733,0.492826,0.486159,0.478743,0.470589,0.461709,0.452117,0.441828,0.430858,0.419223,0.406942,0.394033,0.380517,0.366414,0.351746,0.336536,0.320807,0.304583,0.28789,0.270752,0.253198,0.235252,0.216944,0.198302,0.179354,0.160129,0.140657,0.120969,0.101093,0.0810625,0.0609065,0.0406566,0.020344,0
0,-0.0163129,-0.0326007,-0.0488382,-0.0650005,-0.0810625,-0.0969994,-0.112787,-0.1284,-0.143816,-0.15901,-0.173958,-0.188639,-0.203028,-0.217105,-0.230846,-0.244232,-0.257241,-0.269854,-0.28205,-0.293812,-0.30512,-0.315958,-0.326309,-0.336157,-0.345486,-0.354283,-0.362533,-0.370224,-0.377345,-0.383883,-0.38983,-0.395176,-0.399912,-0.404032,-0.407528,-0.410397,-0.412632,-0.414232,-0.415192,-0.415512,-0.415192,-0.414232,-0.412632,-0.410397,-0.407528,-0.404032,-0.399912,-0.395176,-0.38983,-0.383883,-0.377345,-0.370224,-0.362533,-0.354283,-0.345486,-0.336157,-0.326309,-0.315958,-0.30512,-0.293812,-0.28205,-0.269854,-0.257241,-0.244232,-0.230846,-0.217105,-0.203028,-0.188639,-0.173958,-0.15901,-0.143816,-0.1284,-0.112787,-0.0969994,-0.0810625,-0.0650005,-0.0488382,-0.0326007,-0.0163129,4.96775e-17,0.0163129,0.0326007,0.0488382,0.0650005,0.0810625,0.0969994,0.112787,0.1284,0.143816,0.15901,0.173958,0.188639,0.203028,0.217105,0.230846,0.244232,0.257241,0.269854,0.28205,0.293812,0.30512,0.315958,0.326309,0.336157,0.345486,0.354283,0.362533,0.370224,0.377345,0.383883,0.38983,0.395176,0.399912,0.404032,0.407528,0.410397,0.412632,0.414232,0.415192,0.415512,0.415192,0.414232,0.412632,0.410397,0.407528,0.404032,0.399912,0.395176,0.38983,0.383883,0.377345,0.370224,0.362533,0.354283,0.345486,0.336157,0.326309,0.315958,0.30512,0.293812,0.28205,0.269854,0.257241,0.244232,0.230846,0.217105,0.203028,0.188639,0.173958,0.15901,0.143816,0.1284,0.112787,0.0969994,0.0810625,0.0650005,0.0488382,0.0326007,0.0163129,0
0,-0.0122568,-0.0244946,-0.0366947,-0.0488382,-0.0609065,-0.0728808,-0.0847427,-0.0964739,-0.108056,-0.119472,-0.130704,-0.141734,-0.152546,-0.163122,-0.173447,-0.183504,-0.193279,-0.202755,-0.211919,-0.220756,-0.229253,-0.237396,-0.245173,-0.252572,-0.259582,-0.266191,-0.27239,-0.278169,-0.283519,-0.288432,-0.2929,-0.296916,-0.300475,-0.30357,-0.306197,-0.308353,-0.310032,-0.311234,-0.311956,-0.312196,-0.311956,-0.311234,-0.310032,-0.308353,-0.306197,-0.30357,-0.300475,-0.296916,-0.2929,-0.288432,-0.283519,-0.278169,-0.27239,-0.266191,-0.259582,-0.252572,-0.245173,-0.237396,-0.229253,-0.220756,-0.211919,-0.202755,-0.193279,-0.183504,-0.173447,-0.163122,-0.152546,-0.141734,-0.130704,-0.119472,-0.108056,-0.0964739,-0.0847427,-0.0728808,-0.0609065,-0.0488382,-0.0366947,-0.0244946,-0.0122568,-1.29338e-18,0.0122568,0.0244946,0.0366947,0.0488382,0.0609065,0.0728808,0.0847427,0.0964739,0.108056,0.119472,0.130704,0.141734,0.152546,0.163122,0.173447,0.183504,0.193279,0.202755,0.211919,0.220756,0.229253,0.237396,0.245173,0.252572,0.259582,0.266191,0.27239,0.278169,0.283519,0.288432,0.2929,0.296916,0.300475,0.30357,0.306197,0.308353,0.310032,0.311234,0.311956,0.312196,0.311956,0.311234,0.310032,0.308353,0.306197,0.30357,0.300475,0.296916,0.2929,0.288432,0.283519,0.278169,0.27239,0.266191,0.259582,0.252572,0.245173,0.237396,0.229253,0.220756,0.211919,0.202755,0.193279,0.183504,0.173447,0.163122,0.152546,0.141734,0.130704,0.119472,0.108056,0.0964739,0.0847427,0.0728808,0.0609065,0.0488382,0.0366947,0.0244946,0.0122568,0
0,-0.00818169,-0.0163508,-0.0244946,-0.0326007,-0.0406566,-0.0486497,-0.0565678,-0.0643987,-0.0721303,-0.0797507,-0.0872481,-0.094611,-0.101828,-0.108888,-0.11578,-0.122494,-0.129018,-0.135344,-0.141461,-0.14736,-0.153032,-0.158468,-0.163659,-0.168598,-0.173277,-0.177689,-0.181827,-0.185685,-0.189256,-0.192535,-0.195518,-0.198199,-0.200574,-0.202641,-0.204394,-0.205833,-0.206954,-0.207756,-0.208238,-0.208399,-0.208238,-0.207756,-0.206954,-0.205833,-0.204394,-0.202641,-0.200574,-0.198199,-0.195518,-0.192535,-0.189256,-0.185685,-0.181827,-0.177689,-0.173277,-0.168598,-0.163659,-0.158468,-0.153032,-0.14736,-0.141461,-0.135344,-0.129018,-0.122494,-0.11578,-0.108888,-0.101828,-0.094611,-0.0872481,-0.0797507,-0.0721303,-0.0643987,-0.0565678,-0.0486497,-0.0406566,-0.0326007,-0.0244946,-0.0163508,-0.00818169,2.57147e-17,0.00818169,0.0163508,0.0244946,0.0326007,0.0406566,0.0486497,0.0565678,0.0643987,0.0721303,0.0797507,0.0872481,0.094611,0.101828,0.108888,0.11578,0.122494,0.129018,0.135344,0.141461,0.14736,0.153032,0.158468,0.163659,0.168598,0.173277,0.177689,0.181827,0.185685,0.189256,0.192535,0.195518,0.198199,0.200574,0.202641,0.204394,0.205833,0.206954,0.207756,0.208238,0.208399,0.208238,0.207756,0.206954,0.205833,0.204394,0.202641,0.200574,0.198199,0.195518,0.192535,0.189256,0.185685,0.181827,0.177689,0.173277,0.168598,0.163659,0.158468,0.153032,0.14736,0.141461,0.135344,0.129018,0.122494,0.11578,0.108888,0.101828,0.094611,0.0872481,0.0797507,0.0721303,0.0643987,0.0565678,0.0486497,0.0406566,0.0326007,0.0244946,0.0163508,0.00818169,0
0,-0.004094,-0.00818169,-0.0122568,-0.0163129,-0.020344,-0.0243436,-0.0283057,-0.0322242,-0.036093,-0.0399061,-0.0436577,-0.047342,-0.0509533,-0.054486,-0.0579347,-0.0612941,-0.0645589,-0.0677243,-0.0707851,-0.0737369,-0.0765749,-0.0792949,-0.0818926,-0.0843641,-0.0867054,-0.0889131,-0.0909836,-0.0929139,-0.0947009,-0.0963419,-0.0978343,-0.0991759,-0.100365,-0.101398,-0.102276,-0.102996,-0.103557,-0.103958,-0.104199,-0.10428,-0.104199,-0.103958,-0.103557,-0.102996,-0.102276,-0.101398,-0.100365,-0.0991759,-0.0978343,-0.0963419,-0.0947009,-0.0929139,-0.0909836,-0.0889131,-0.0867054,-0.0843641,-0.0818926,-0.0792949,-0.0765749,-0.0737369,-0.0707851,-0.0677243,-0.0645589,-0.0612941,-0.0579347,-0.054486,-0.0509533,-0.047342,-0.0436577,-0.0399061,-0.036093,-0.0322242,-0.0283057,-0.0243436,-0.020344,-0.0163129,-0.0122568,-0.00818169,-0.004094,-3.83149e-19,0.004094,0.00818169,0.0122568,0.0163129,0.020344,0.0243436,0.0283057,0.0322242,0.036093,0.0399061,0.0436577,0.047342,0.0509533,0.054486,0.0579347,0.0612941,0.0645589,0.0677243,0.0707851,0.0737369,0.0765749,0.0792949,0.0818926,0.0843641,0.0867054,0.0889131,0.0909836,0.0929139,0.0947009,0.0963419,0.0978343,0.0991759,0.100365,0.101398,0.102276,0.102996,0.103557,0.103958,0.104199,0.10428,0.104199,0.103958,0.103557,0.102996,0.102276,0.101398,0.100365,0.0991759,0.0978343,0.0963419,0.0947009,0.0929139,0.0909836,0.0889131,0.0867054,0.0843641,0.0818926,0.0792949,0.0765749,0.0737369,0.0707851,0.0677243,0.0645589,0.0612941,0.0579347,0.054486,0.0509533,0.047342,0.0436577,0.0399061,0.036093,0.0322242,0.0283057,0.0243436,0.020344,0.0163129,0.0122568,0.00818169,0.004094,0
0,0,0,0,0,0,0,0,0,0,0,0,0,0,0,0,0,0,0,0,0,0,0,0,0,0,0,0,0,0,0,0,0,0,0,0,0,0,0,0,0,0,0,0,0,0,0,0,0,0,0,0,0,0,0,0,0,0,0,0,0,0,0,0,0,0,0,0,0,0,0,0,0,0,0,0,0,0,0,0,0,0,0,0,0,0,0,0,0,0,0,0,0,0,0,0,0,0,0,0,0,0,0,0,0,0,0,0,0,0,0,0,0,0,0,0,0,0,0,0,0,0,0,0,0,0,0,0,0,0,0,0,0,0,0,0,0,0,0,0,0,0,0,0,0,0,0,0,0,0,0,0,0,0,0,0,0,0,0,0,0
