0,0.0266523,0.0532635,0.0797926,0.106199,0.132441,0.158479,0.184273,0.209782,0.234969,0.259792,0.284216,0.308201,0.33171,0.354709,0.37716,0.39903,0.420284,0.440891,0.460818,0.480034,0.49851,0.516217,0.533128,0.549218,0.56446,0.578832,0.592312,0.604878,0.616511,0.627194,0.63691,0.645644,0.653382,0.660113,0.665826,0.670512,0.674165,0.676778,0.678347,0.67887,0.678347,0.676778,0.674165,0.670512,0.665826,0.660113,0.653382,0.645644,0.63691,0.627194,0.616511,0.604878,0.592312,0.578832,0.56446,0.549218,0.533128,0.516217,0.49851,0.480034,0.460818,0.440891,0.420284,0.39903,0.37716,0.354709,0.33171,0.308201,0.284216,0.259792,0.234969,0.209782,0.184273,0.158479,0.132441,0.106199,0.0797926,0.0532635,0.0266523,4.18292e-17,-0.0266523,-0.0532635,-0.0797926,-0.106199,-0.132441,-0.158479,-0.184273,-0.209782,-0.234969,-0.259792,-0.284216,-0.308201,-0.33171,-0.354709,-0.37716,-0.39903,-0.420284,-0.440891,-0.460818,-0.480034,-0.49851,-0.516217,-0.533128,-0.549218,-0.56446,-0.578832,-0.592312,-0.604878,-0.616511,-0.627194,-0.63691,-0.645644,-0.653382,-0.660113,-0.665826,-0.670512,-0.674165,-0.676778,-0.678347,-0.67887,-0.678347,-0.676778,-0.674165,-0.670512,-0.665826,-0.660113,-0.653382,-0.645644,-0.63691,-0.627194,-0.616511,-0.604878,-0.592312,-0.578832,-0.56446,-0.549218,-0.533128,-0.516217,-0.49851,-0.480034,-0.460818,-0.440891,-0.420284,-0.39903,-0.37716,-0.354709,-0.33171,-0.308201,-0.284216,-0.259792,-0.234969,-0.209782,-0.184273,-0.158479,-0.132441,-0.106199,-0.0797926,-0.0532635,-0.0266523,0
0,0.0254998,0.0509603,0.0763423,0.101606,0.126714,0.151626,0.176305,0.200711,0.224808,0.248558,0.271926,0.294873,0.317367,0.33937,0.360851,0.381775,0.402111,0.421826,0.440891,0.459276,0.476953,0.493895,0.510075,0.525468,0.540052,0.553802,0.566699,0.578722,0.589852,0.600073,0.609369,0.617725,0.625129,0.631568,0.637034,0.641518,0.645012,0.647512,0.649014,0.649515,0.649014,0.647512,0.645012,0.641518,0.637034,0.631568,0.625129,0.617725,0.609369,0.600073,0.589852,0.578722,0.566699,0.553802,0.540052,0.525468,0.510075,0.493895,0.476953,0.459276,0.440891,0.421826,0.402111,0.381775,0.360851,0.33937,0.317367,0.294873,0.271926,0.248558,0.224808,0.200711,0.176305,0.151626,0.126714,0.101606,0.0763423,0.0509603,0.0254998,5.31685e-17,-0.0254998,-0.0509603,-0.0763423,-0.101606,-0.126714,-0.151626,-0.176305,-0.200711,-0.224808,-0.248558,-0.271926,-0.294873,-0.317367,-0.33937,-0.360851,-0.381775,-0.402111,-0.421826,-0.440891,-0.459276,-0.476953,-0.493895,-0.510075,-0.525468,-0.540052,-0.553802,-0.566699,-0.578722,-0.589852,-0.600073,-0.609369,-0.617725,-0.625129,-0.631568,-0.637034,-0.641518,-0.645012,-0.647512,-0.649014,-0.649515,-0.649014,-0.647512,-0.645012,-0.641518,-0.637034,-0.631568,-0.625129,-0.617725,-0.609369,-0.600073,-0.589852,-0.578722,-0.566699,-0.553802,-0.540052,-0.525468,-0.510075,-0.493895,-0.476953,-0.459276,-0.440891,-0.421826,-0.402111,-0.381775,-0.360851,-0.33937,-0.317367,-0.294873,-0.271926,-0.248558,-0.224808,-0.200711,-0.176305,-0.151626,-0.126714,-0.101606,-0.0763423,-0.0509603,-0.0254998,0
0,0.024308,0.0485785,0.0727741,0.0968576,0.120792,0.144539,0.168064,0.19133,0.214301,0.236941,0.259216,0.281092,0.302533,0.323509,0.343985,0.363932,0.383317,0.402111,0.420284,0.43781,0.454661,0.470811,0.486235,0.500909,0.514811,0.527918,0.540212,0.551673,0.562284,0.572027,0.580888,0.588854,0.595911,0.60205,0.60726,0.611535,0.614866,0.617249,0.61868,0.619157,0.61868,0.617249,0.614866,0.611535,0.60726,0.60205,0.595911,0.588854,0.580888,0.572027,0.562284,0.551673,0.540212,0.527918,0.514811,0.500909,0.486235,0.470811,0.454661,0.43781,0.420284,0.402111,0.383317,0.363932,0.343985,0.323509,0.302533,0.281092,0.259216,0.236941,0.214301,0.19133,0.168064,0.144539,0.120792,0.0968576,0.0727741,0.0485785,0.024308,4.07907e-17,-0.024308,-0.0485785,-0.0727741,-0.0968576,-0.120792,-0.144539,-0.168064,-0.19133,-0.214301,-0.236941,-0.259216,-0.281092,-0.302533,-0.323509,-0.343985,-0.363932,-0.383317,-0.402111,-0.420284,-0.43781,-0.454661,-0.470811,-0.486235,-0.500909,-0.514811,-0.527918,-0.540212,-0.551673,-0.562284,-0.572027,-0.580888,-0.588854,-0.595911,-0.60205,-0.60726,-0.611535,-0.614866,-0.617249,-0.61868,-0.619157,-0.61868,-0.617249,-0.614866,-0.611535,-0.60726,-0.60205,-0.595911,-0.588854,-0.580888,-0.572027,-0.562284,-0.551673,-0.540212,-0.527918,-0.514811,-0.500909,-0.486235,-0.470811,-0.454661,-0.43781,-0.420284,-0.402111,-0.383317,-0.363932,-0.343985,-0.323509,-0.302533,-0.281092,-0.259216,-0.236941,-0.214301,-0.19133,-0.168064,-0.144539,-0.120792,-0.0968576,-0.0727741,-0.0485785,-0.024308,0
0,0.0230787,0.0461218,0.0690938,0.0919593,0.114683,0.13723,0.159565,0.181654,0.203463,0.224959,0.246107,0.266876,0.287234,0.307148,0.326589,0.345527,0.363932,0.381775,0.39903,0.41567,0.431668,0.447001,0.461645,0.475577,0.488776,0.501221,0.512893,0.523774,0.533848,0.543098,0.551512,0.559074,0.565775,0.571603,0.57655,0.580608,0.583771,0.586033,0.587392,0.587845,0.587392,0.586033,0.583771,0.580608,0.57655,0.571603,0.565775,0.559074,0.551512,0.543098,0.533848,0.523774,0.512893,0.501221,0.488776,0.475577,0.461645,0.447001,0.431668,0.41567,0.39903,0.381775,0.363932,0.345527,0.326589,0.307148,0.287234,0.266876,0.246107,0.224959,0.203463,0.181654,0.159565,0.13723,0.114683,0.0919593,0.0690938,0.0461218,0.0230787,5.18936e-17,-0.0230787,-0.0461218,-0.0690938,-0.0919593,-0.114683,-0.13723,-0.159565,-0.181654,-0.203463,-0.224959,-0.246107,-0.266876,-0.287234,-0.307148,-0.326589,-0.345527,-0.363932,-0.381775,-0.39903,-0.41567,-0.431668,-0.447001,-0.461645,-0.475577,-0.488776,-0.501221,-0.512893,-0.523774,-0.533848,-0.543098,-0.551512,-0.559074,-0.565775,-0.571603,-0.57655,-0.580608,-0.583771,-0.586033,-0.587392,-0.587845,-0.587392,-0.586033,-0.583771,-0.580608,-0.57655,-0.571603,-0.565775,-0.559074,-0.551512,-0.543098,-0.533848,-0.523774,-0.512893,-0.501221,-0.488776,-0.475577,-0.461645,-0.447001,-0.431668,-0.41567,-0.39903,-0.381775,-0.363932,-0.345527,-0.326589,-0.307148,-0.287234,-0.266876,-0.246107,-0.224959,-0.203463,-0.181654,-0.159565,-0.13723,-0.114683,-0.0919593,-0.0690938,-0.0461218,-0.0230787,0
0,0.0218138,0.043594,0.065307,0.0869192,0.108397,0.129709,0.15082,0.171698,0.192312,0.212629,0.232619,0.252249,0.271491,0.290314,0.30869,0.326589,0.343985,0.360851,0.37716,0.392888,0.40801,0.422502,0.436343,0.449512,0.461987,0.47375,0.484782,0.495067,0.504589,0.513333,0.521285,0.528433,0.534766,0.540275,0.544951,0.548786,0.551776,0.553914,0.555199,0.555627,0.555199,0.553914,0.551776,0.548786,0.544951,0.540275,0.534766,0.528433,0.521285,0.513333,0.504589,0.495067,0.484782,0.47375,0.461987,0.449512,0.436343,0.422502,0.40801,0.392888,0.37716,0.360851,0.343985,0.326589,0.30869,0.290314,0.271491,0.252249,0.232619,0.212629,0.192312,0.171698,0.15082,0.129709,0.108397,0.0869192,0.065307,0.043594,0.0218138,3.59868e-17,-0.0218138,-0.043594,-0.065307,-0.0869192,-0.108397,-0.129709,-0.15082,-0.171698,-0.192312,-0.212629,-0.232619,-0.252249,-0.271491,-0.290314,-0.30869,-0.326589,-0.343985,-0.360851,-0.37716,-0.392888,-0.40801,-0.422502,-0.436343,-0.449512,-0.461987,-0.47375,-0.484782,-0.495067,-0.504589,-0.513333,-0.521285,-0.528433,-0.534766,-0.540275,-0.544951,-0.548786,-0.551776,-0.553914,-0.555199,-0.555627,-0.555199,-0.553914,-0.551776,-0.548786,-0.544951,-0.540275,-0.534766,-0.528433,-0.521285,-0.513333,-0.504589,-0.495067,-0.484782,-0.47375,-0.461987,-0.449512,-0.436343,-0.422502,-0.40801,-0.392888,-0.37716,-0.360851,-0.343985,-0.326589,-0.30869,-0.290314,-0.271491,-0.252249,-0.232619,-0.212629,-0.192312,-0.171698,-0.15082,-0.129709,-0.108397,-0.0869192,-0.065307,-0.043594,-0.0218138,0
0,0.0205153,0.040999,0.0614194,0.0817452,0.101945,0.121987,0.141842,0.161477,0.180864,0.199972,0.218772,0.237234,0.25533,0.273033,0.290314,0.307148,0.323509,0.33937,0.354709,0.3695,0.383722,0.397352,0.410369,0.422754,0.434486,0.445549,0.455925,0.465597,0.474552,0.482775,0.490254,0.496977,0.502933,0.508114,0.512511,0.516119,0.51893,0.520941,0.522149,0.522552,0.522149,0.520941,0.51893,0.516119,0.512511,0.508114,0.502933,0.496977,0.490254,0.482775,0.474552,0.465597,0.455925,0.445549,0.434486,0.422754,0.410369,0.397352,0.383722,0.3695,0.354709,0.33937,0.323509,0.307148,0.290314,0.273033,0.25533,0.237234,0.218772,0.199972,0.180864,0.161477,0.141842,0.121987,0.101945,0.0817452,0.0614194,0.040999,0.0205153,4.74976e-17,-0.0205153,-0.040999,-0.0614194,-0.0817452,-0.101945,-0.121987,-0.141842,-0.161477,-0.180864,-0.199972,-0.218772,-0.237234,-0.25533,-0.273033,-0.290314,-0.307148,-0.323509,-0.33937,-0.354709,-0.3695,-0.383722,-0.397352,-0.410369,-0.422754,-0.434486,-0.445549,-0.455925,-0.465597,-0.474552,-0.482775,-0.490254,-0.496977,-0.502933,-0.508114,-0.512511,-0.516119,-0.51893,-0.520941,-0.522149,-0.522552,-0.522149,-0.520941,-0.51893,-0.516119,-0.512511,-0.508114,-0.502933,-0.496977,-0.490254,-0.482775,-0.474552,-0.465597,-0.455925,-0.445549,-0.434486,-0.422754,-0.410369,-0.397352,-0.383722,-0.3695,-0.354709,-0.33937,-0.323509,-0.307148,-0.290314,-0.273033,-0.25533,-0.237234,-0.218772,-0.199972,-0.180864,-0.161477,-0.141842,-0.121987,-0.101945,-0.0817452,-0.0614194,-0.040999,-0.0205153,0
0,0.0191851,0.0383407,0.0574372,0.076445,0.095335,0.114078,0.132645,0.151008,0.169137,0.187006,0.204587,0.221852,0.238775,0.25533,0.271491,0.287234,0.302533,0.317367,0.33171,0.345543,0.358842,0.371589,0.383762,0.395343,0.406315,0.416661,0.426364,0.435409,0.443784,0.451473,0.458467,0.464754,0.470324,0.475169,0.479282,0.482655,0.485284,0.487165,0.488295,0.488671,0.488295,0.487165,0.485284,0.482655,0.479282,0.475169,0.470324,0.464754,0.458467,0.451473,0.443784,0.435409,0.426364,0.416661,0.406315,0.395343,0.383762,0.371589,0.358842,0.345543,0.33171,0.317367,0.302533,0.287234,0.271491,0.25533,0.238775,0.221852,0.204587,0.187006,0.169137,0.151008,0.132645,0.114078,0.095335,0.076445,0.0574372,0.0383407,0.0191851,3.285e-17,-0.0191851,-0.0383407,-0.0574372,-0.076445,-0.095335,-0.114078,-0.132645,-0.151008,-0.169137,-0.187006,-0.204587,-0.221852,-0.238775,-0.25533,-0.271491,-0.287234,-0.302533,-0.317367,-0.33171,-0.345543,-0.358842,-0.371589,-0.383762,-0.395343,-0.406315,-0.416661,-0.426364,-0.435409,-0.443784,-0.451473,-0.458467,-0.464754,-0.470324,-0.475169,-0.479282,-0.482655,-0.485284,-0.487165,-0.488295,-0.488671,-0.488295,-0.487165,-0.485284,-0.482655,-0.479282,-0.475169,-0.470324,-0.464754,-0.458467,-0.451473,-0.443784,-0.435409,-0.426364,-0.416661,-0.406315,-0.395343,-0.383762,-0.371589,-0.358842,-0.345543,-0.33171,-0.317367,-0.302533,-0.287234,-0.271491,-0.25533,-0.238775,-0.221852,-0.204587,-0.187006,-0.169137,-0.151008,-0.132645,-0.114078,-0.095335,-0.076445,-0.0574372,-0.0383407,-0.0191851,0
0,0.0178254,0.0356233,0.0533663,0.071027,0.0885782,0.105993,0.123244,0.140305,0.15715,0.173752,0.190087,0.206128,0.221852,0.237234,0.252249,0.266876,0.281092,0.294873,0.308201,0.321053,0.33341,0.345252,0.356563,0.367324,0.377518,0.38713,0.396145,0.40455,0.412331,0.419476,0.425974,0.431815,0.43699,0.441492,0.445313,0.448447,0.45089,0.452637,0.453687,0.454037,0.453687,0.452637,0.45089,0.448447,0.445313,0.441492,0.43699,0.431815,0.425974,0.419476,0.412331,0.40455,0.396145,0.38713,0.377518,0.367324,0.356563,0.345252,0.33341,0.321053,0.308201,0.294873,0.281092,0.266876,0.252249,0.237234,0.221852,0.206128,0.190087,0.173752,0.15715,0.140305,0.123244,0.105993,0.0885782,0.071027,0.0533663,0.0356233,0.0178254,4.03063e-17,-0.0178254,-0.0356233,-0.0533663,-0.071027,-0.0885782,-0.105993,-0.123244,-0.140305,-0.15715,-0.173752,-0.190087,-0.206128,-0.221852,-0.237234,-0.252249,-0.266876,-0.281092,-0.294873,-0.308201,-0.321053,-0.33341,-0.345252,-0.356563,-0.367324,-0.377518,-0.38713,-0.396145,-0.40455,-0.412331,-0.419476,-0.425974,-0.431815,-0.43699,-0.441492,-0.445313,-0.448447,-0.45089,-0.452637,-0.453687,-0.454037,-0.453687,-0.452637,-0.45089,-0.448447,-0.445313,-0.441492,-0.43699,-0.431815,-0.425974,-0.419476,-0.412331,-0.40455,-0.396145,-0.38713,-0.377518,-0.367324,-0.356563,-0.345252,-0.33341,-0.321053,-0.308201,-0.294873,-0.281092,-0.266876,-0.252249,-0.237234,-0.221852,-0.206128,-0.190087,-0.173752,-0.15715,-0.140305,-0.123244,-0.105993,-0.0885782,-0.071027,-0.0533663,-0.0356233,-0.0178254,0
0,0.0164382,0.032851,0.0492132,0.0654995,0.0816848,0.0977442,0.113653,0.129386,0.14492,0.160231,0.175294,0.190087,0.204587,0.218772,0.232619,0.246107,0.259216,0.271926,0.284216,0.296067,0.307463,0.318384,0.328814,0.338738,0.348139,0.357003,0.365316,0.373067,0.380242,0.386831,0.392823,0.39821,0.402983,0.407134,0.410657,0.413548,0.4158,0.417412,0.41838,0.418703,0.41838,0.417412,0.4158,0.413548,0.410657,0.407134,0.402983,0.39821,0.392823,0.386831,0.380242,0.373067,0.365316,0.357003,0.348139,0.338738,0.328814,0.318384,0.307463,0.296067,0.284216,0.271926,0.259216,0.246107,0.232619,0.218772,0.204587,0.190087,0.175294,0.160231,0.14492,0.129386,0.113653,0.0977442,0.0816848,0.0654995,0.0492132,0.032851,0.0164382,2.70087e-17,-0.0164382,-0.032851,-0.0492132,-0.0654995,-0.0816848,-0.0977442,-0.113653,-0.129386,-0.14492,-0.160231,-0.175294,-0.190087,-0.204587,-0.218772,-0.232619,-0.246107,-0.259216,-0.271926,-0.284216,-0.296067,-0.307463,-0.318384,-0.328814,-0.338738,-0.348139,-0.357003,-0.365316,-0.373067,-0.380242,-0.386831,-0.392823,-0.39821,-0.402983,-0.407134,-0.410657,-0.413548,-0.4158,-0.417412,-0.41838,-0.418703,-0.41838,-0.417412,-0.4158,-0.413548,-0.410657,-0.407134,-0.402983,-0.39821,-0.392823,-0.386831,-0.380242,-0.373067,-0.365316,-0.357003,-0.348139,-0.338738,-0.328814,-0.318384,-0.307463,-0.296067,-0.284216,-0.271926,-0.259216,-0.246107,-0.232619,-0.218772,-0.204587,-0.190087,-0.175294,-0.160231,-0.14492,-0.129386,-0.113653,-0.0977442,-0.0816848,-0.0654995,-0.0492132,-0.032851,-0.0164382,0
0,0.0150256,0.0300281,0.0449842,0.059871,0.0746655,0.0893448,0.103886,0.118268,0.132467,0.146462,0.160231,0.173752,0.187006,0.199972,0.212629,0.224959,0.236941,0.248558,0.259792,0.270626,0.281042,0.291025,0.300559,0.309629,0.318222,0.326325,0.333924,0.341008,0.347567,0.35359,0.359067,0.363991,0.368353,0.372148,0.375369,0.378011,0.38007,0.381543,0.382428,0.382723,0.382428,0.381543,0.38007,0.378011,0.375369,0.372148,0.368353,0.363991,0.359067,0.35359,0.347567,0.341008,0.333924,0.326325,0.318222,0.309629,0.300559,0.291025,0.281042,0.270626,0.259792,0.248558,0.236941,0.224959,0.212629,0.199972,0.187006,0.173752,0.160231,0.146462,0.132467,0.118268,0.103886,0.0893448,0.0746655,0.059871,0.0449842,0.0300281,0.0150256,3.12495e-17,-0.0150256,-0.0300281,-0.0449842,-0.059871,-0.0746655,-0.0893448,-0.103886,-0.118268,-0.132467,-0.146462,-0.160231,-0.173752,-0.187006,-0.199972,-0.212629,-0.224959,-0.236941,-0.248558,-0.259792,-0.270626,-0.281042,-0.291025,-0.300559,-0.309629,-0.318222,-0.326325,-0.333924,-0.341008,-0.347567,-0.35359,-0.359067,-0.363991,-0.368353,-0.372148,-0.375369,-0.378011,-0.38007,-0.381543,-0.382428,-0.382723,-0.382428,-0.381543,-0.38007,-0.378011,-0.375369,-0.372148,-0.368353,-0.363991,-0.359067,-0.35359,-0.347567,-0.341008,-0.333924,-0.326325,-0.318222,-0.309629,-0.300559,-0.291025,-0.281042,-0.270626,-0.259792,-0.248558,-0.236941,-0.224959,-0.212629,-0.199972,-0.187006,-0.173752,-0.160231,-0.146462,-0.132467,-0.118268,-0.103886,-0.0893448,-0.0746655,-0.059871,-0.0449842,-0.0300281,-0.0150256,0
0,0.0135899,0.0271588,0.0406859,0.0541502,0.067531,0.0808077,0.0939598,0.106967,0.119809,0.132467,0.14492,0.15715,0.169137,0.180864,0.192312,0.203463,0.214301,0.224808,0.234969,0.244767,0.254188,0.263216,0.271839,0.280043,0.287815,0.295144,0.302017,0.308424,0.314356,0.319803,0.324757,0.329211,0.333156,0.336588,0.339501,0.341891,0.343753,0.345085,0.345886,0.346153,0.345886,0.345085,0.343753,0.341891,0.339501,0.336588,0.333156,0.329211,0.324757,0.319803,0.314356,0.308424,0.302017,0.295144,0.287815,0.280043,0.271839,0.263216,0.254188,0.244767,0.234969,0.224808,0.214301,0.203463,0.192312,0.180864,0.169137,0.15715,0.14492,0.132467,0.119809,0.106967,0.0939598,0.0808077,0.067531,0.0541502,0.0406859,0.0271588,0.0135899,2.05599e-17,-0.0135899,-0.0271588,-0.0406859,-0.0541502,-0.067531,-0.0808077,-0.0939598,-0.106967,-0.119809,-0.132467,-0.14492,-0.15715,-0.169137,-0.180864,-0.192312,-0.203463,-0.214301,-0.224808,-0.234969,-0.244767,-0.254188,-0.263216,-0.271839,-0.280043,-0.287815,-0.295144,-0.302017,-0.308424,-0.314356,-0.319803,-0.324757,-0.329211,-0.333156,-0.336588,-0.339501,-0.341891,-0.343753,-0.345085,-0.345886,-0.346153,-0.345886,-0.345085,-0.343753,-0.341891,-0.339501,-0.336588,-0.333156,-0.329211,-0.324757,-0.319803,-0.314356,-0.308424,-0.302017,-0.295144,-0.287815,-0.280043,-0.271839,-0.263216,-0.254188,-0.244767,-0.234969,-0.224808,-0.214301,-0.203463,-0.192312,-0.180864,-0.169137,-0.15715,-0.14492,-0.132467,-0.119809,-0.106967,-0.0939598,-0.0808077,-0.067531,-0.0541502,-0.0406859,-0.0271588,-0.0135899,0
0,0.0121332,0.0242477,0.0363248,0.0483459,0.0602924,0.072146,0.0838883,0.0955013,0.106967,0.118268,0.129386,0.140305,0.151008,0.161477,0.171698,0.181654,0.19133,0.200711,0.209782,0.21853,0.226941,0.235002,0.242701,0.250026,0.256965,0.263507,0.269644,0.275364,0.28066,0.285524,0.289947,0.293923,0.297445,0.30051,0.30311,0.305244,0.306906,0.308096,0.30881,0.309049,0.30881,0.308096,0.306906,0.305244,0.30311,0.30051,0.297445,0.293923,0.289947,0.285524,0.28066,0.275364,0.269644,0.263507,0.256965,0.250026,0.242701,0.235002,0.226941,0.21853,0.209782,0.200711,0.19133,0.181654,0.171698,0.161477,0.151008,0.140305,0.129386,0.118268,0.106967,0.0955013,0.0838883,0.072146,0.0602924,0.0483459,0.0363248,0.0242477,0.0121332,2.30404e-17,-0.0121332,-0.0242477,-0.0363248,-0.0483459,-0.0602924,-0.072146,-0.0838883,-0.0955013,-0.106967,-0.118268,-0.129386,-0.140305,-0.151008,-0.161477,-0.171698,-0.181654,-0.19133,-0.200711,-0.209782,-0.21853,-0.226941,-0.235002,-0.242701,-0.250026,-0.256965,-0.263507,-0.269644,-0.275364,-0.28066,-0.285524,-0.289947,-0.293923,-0.297445,-0.30051,-0.30311,-0.305244,-0.306906,-0.308096,-0.30881,-0.309049,-0.30881,-0.308096,-0.306906,-0.305244,-0.30311,-0.30051,-0.297445,-0.293923,-0.289947,-0.285524,-0.28066,-0.275364,-0.269644,-0.263507,-0.256965,-0.250026,-0.242701,-0.235002,-0.226941,-0.21853,-0.209782,-0.200711,-0.19133,-0.181654,-0.171698,-0.161477,-0.151008,-0.140305,-0.129386,-0.118268,-0.106967,-0.0955013,-0.0838883,-0.072146,-0.0602924,-0.0483459,-0.0363248,-0.0242477,-0.0121332,0
0,0.0106578,0.0212992,0.0319077,0.042467,0.0529608,0.063373,0.0736875,0.0838883,0.0939598,0.103886,0.113653,0.123244,0.132645,0.141842,0.15082,0.159565,0.168064,0.176305,0.184273,0.191957,0.199345,0.206426,0.213189,0.219622,0.225718,0.231465,0.236855,0.24188,0.246532,0.250804,0.254689,0.258182,0.261276,0.263968,0.266252,0.268126,0.269587,0.270631,0.271259,0.271468,0.271259,0.270631,0.269587,0.268126,0.266252,0.263968,0.261276,0.258182,0.254689,0.250804,0.246532,0.24188,0.236855,0.231465,0.225718,0.219622,0.213189,0.206426,0.199345,0.191957,0.184273,0.176305,0.168064,0.159565,0.15082,0.141842,0.132645,0.123244,0.113653,0.103886,0.0939598,0.0838883,0.0736875,0.063373,0.0529608,0.042467,0.0319077,0.0212992,0.0106578,1.39275e-17,-0.0106578,-0.0212992,-0.0319077,-0.042467,-0.0529608,-0.063373,-0.0736875,-0.0838883,-0.0939598,-0.103886,-0.113653,-0.123244,-0.132645,-0.141842,-0.15082,-0.159565,-0.168064,-0.176305,-0.184273,-0.191957,-0.199345,-0.206426,-0.213189,-0.219622,-0.225718,-0.231465,-0.236855,-0.24188,-0.246532,-0.250804,-0.254689,-0.258182,-0.261276,-0.263968,-0.266252,-0.268126,-0.269587,-0.270631,-0.271259,-0.271468,-0.271259,-0.270631,-0.269587,-0.268126,-0.266252,-0.263968,-0.261276,-0.258182,-0.254689,-0.250804,-0.246532,-0.24188,-0.236855,-0.231465,-0.225718,-0.219622,-0.213189,-0.206426,-0.199345,-0.191957,-0.184273,-0.176305,-0.168064,-0.159565,-0.15082,-0.141842,-0.132645,-0.123244,-0.113653,-0.103886,-0.0939598,-0.0838883,-0.0736875,-0.063373,-0.0529608,-0.042467,-0.0319077,-0.0212992,-0.0106578,0
0,0.00916596,0.0183178,0.0274414,0.0365226,0.0455476,0.0545023,0.063373,0.072146,0.0808077,0.0893448,0.0977442,0.105993,0.114078,0.121987,0.129709,0.13723,0.144539,0.151626,0.158479,0.165088,0.171442,0.177531,0.183347,0.188881,0.194123,0.199065,0.203701,0.208023,0.212024,0.215697,0.219039,0.222042,0.224704,0.227019,0.228983,0.230595,0.231851,0.23275,0.233289,0.233469,0.233289,0.23275,0.231851,0.230595,0.228983,0.227019,0.224704,0.222042,0.219039,0.215697,0.212024,0.208023,0.203701,0.199065,0.194123,0.188881,0.183347,0.177531,0.171442,0.165088,0.158479,0.151626,0.144539,0.13723,0.129709,0.121987,0.114078,0.105993,0.0977442,0.0893448,0.0808077,0.072146,0.063373,0.0545023,0.0455476,0.0365226,0.0274414,0.0183178,0.00916596,1.61933e-17,-0.00916596,-0.0183178,-0.0274414,-0.0365226,-0.0455476,-0.0545023,-0.063373,-0.072146,-0.0808077,-0.0893448,-0.0977442,-0.105993,-0.114078,-0.121987,-0.129709,-0.13723,-0.144539,-0.151626,-0.158479,-0.165088,-0.171442,-0.177531,-0.183347,-0.188881,-0.194123,-0.199065,-0.203701,-0.208023,-0.212024,-0.215697,-0.219039,-0.222042,-0.224704,-0.227019,-0.228983,-0.230595,-0.231851,-0.23275,-0.233289,-0.233469,-0.233289,-0.23275,-0.231851,-0.230595,-0.228983,-0.227019,-0.224704,-0.222042,-0.219039,-0.215697,-0.212024,-0.208023,-0.203701,-0.199065,-0.194123,-0.188881,-0.183347,-0.177531,-0.171442,-0.165088,-0.158479,-0.151626,-0.144539,-0.13723,-0.129709,-0.121987,-0.114078,-0.105993,-0.0977442,-0.0893448,-0.0808077,-0.072146,-0.063373,-0.0545023,-0.0455476,-0.0365226,-0.0274414,-0.0183178,-0.00916596,0
0,0.00765999,0.0153082,0.0229328,0.030522,0.0380641,0.0455476,0.0529608,0.0602924,0.067531,0.0746655,0.0816848,0.0885782,0.095335,0.101945,0.108397,0.114683,0.120792,0.126714,0.132441,0.137964,0.143274,0.148363,0.153223,0.157848,0.162228,0.166359,0.170233,0.173845,0.177188,0.180258,0.183051,0.185561,0.187785,0.189719,0.191361,0.192708,0.193758,0.194509,0.19496,0.19511,0.19496,0.194509,0.193758,0.192708,0.191361,0.189719,0.187785,0.185561,0.183051,0.180258,0.177188,0.173845,0.170233,0.166359,0.162228,0.157848,0.153223,0.148363,0.143274,0.137964,0.132441,0.126714,0.120792,0.114683,0.108397,0.101945,0.095335,0.0885782,0.0816848,0.0746655,0.067531,0.0602924,0.0529608,0.0455476,0.0380641,0.030522,0.0229328,0.0153082,0.00765999,7.45537e-18,-0.00765999,-0.0153082,-0.0229328,-0.030522,-0.0380641,-0.0455476,-0.0529608,-0.0602924,-0.067531,-0.0746655,-0.0816848,-0.0885782,-0.095335,-0.101945,-0.108397,-0.114683,-0.120792,-0.126714,-0.132441,-0.137964,-0.143274,-0.148363,-0.153223,-0.157848,-0.162228,-0.166359,-0.170233,-0.173845,-0.177188,-0.180258,-0.183051,-0.185561,-0.187785,-0.189719,-0.191361,-0.192708,-0.193758,-0.194509,-0.19496,-0.19511,-0.19496,-0.194509,-0.193758,-0.192708,-0.191361,-0.189719,-0.187785,-0.185561,-0.183051,-0.180258,-0.177188,-0.173845,-0.170233,-0.166359,-0.162228,-0.157848,-0.153223,-0.148363,-0.143274,-0.137964,-0.132441,-0.126714,-0.120792,-0.114683,-0.108397,-0.101945,-0.095335,-0.0885782,-0.0816848,-0.0746655,-0.067531,-0.0602924,-0.0529608,-0.0455476,-0.0380641,-0.030522,-0.0229328,-0.0153082,-0.00765999,0
0,0.00614222,0.012275,0.0183888,0.0244742,0.030522,0.0365226,0.042467,0.0483459,0.0541502,0.059871,0.0654995,0.071027,0.076445,0.0817452,0.0869192,0.0919593,0.0968576,0.101606,0.106199,0.110627,0.114885,0.118966,0.122863,0.126571,0.130084,0.133396,0.136502,0.139398,0.142079,0.144541,0.14678,0.148793,0.150577,0.152128,0.153444,0.154524,0.155366,0.155968,0.15633,0.15645,0.15633,0.155968,0.155366,0.154524,0.153444,0.152128,0.150577,0.148793,0.14678,0.144541,0.142079,0.139398,0.136502,0.133396,0.130084,0.126571,0.122863,0.118966,0.114885,0.110627,0.106199,0.101606,0.0968576,0.0919593,0.0869192,0.0817452,0.076445,0.071027,0.0654995,0.059871,0.0541502,0.0483459,0.042467,0.0365226,0.030522,0.0244742,0.0183888,0.012275,0.00614222,1.03858e-17,-0.00614222,-0.012275,-0.0183888,-0.0244742,-0.030522,-0.0365226,-0.042467,-0.0483459,-0.0541502,-0.059871,-0.0654995,-0.071027,-0.076445,-0.0817452,-0.0869192,-0.0919593,-0.0968576,-0.101606,-0.106199,-0.110627,-0.114885,-0.118966,-0.122863,-0.126571,-0.130084,-0.133396,-0.136502,-0.139398,-0.142079,-0.144541,-0.14678,-0.148793,-0.150577,-0.152128,-0.153444,-0.154524,-0.155366,-0.155968,-0.15633,-0.15645,-0.15633,-0.155968,-0.155366,-0.154524,-0.153444,-0.152128,-0.150577,-0.148793,-0.14678,-0.144541,-0.142079,-0.139398,-0.136502,-0.133396,-0.130084,-0.126571,-0.122863,-0.118966,-0.114885,-0.110627,-0.106199,-0.101606,-0.0968576,-0.0919593,-0.0869192,-0.0817452,-0.076445,-0.071027,-0.0654995,-0.059871,-0.0541502,-0.0483459,-0.042467,-0.0365226,-0.030522,-0.0244742,-0.0183888,-0.012275,-0.00614222,0
0,0.00461497,0.00922282,0.0138165,0.0183888,0.0229328,0.0274414,0.0319077,0.0363248,0.0406859,0.0449842,0.0492132,0.0533663,0.0574372,0.0614194,0.065307,0.0690938,0.0727741,0.0763423,0.0797926,0.08312,0.0863192,0.0893853,0.0923136,0.0950995,0.0977388,0.100227,0.102561,0.104737,0.106752,0.108602,0.110284,0.111796,0.113136,0.114302,0.115291,0.116102,0.116735,0.117187,0.117459,0.117549,0.117459,0.117187,0.116735,0.116102,0.115291,0.114302,0.113136,0.111796,0.110284,0.108602,0.106752,0.104737,0.102561,0.100227,0.0977388,0.0950995,0.0923136,0.0893853,0.0863192,0.08312,0.0797926,0.0763423,0.0727741,0.0690938,0.065307,0.0614194,0.0574372,0.0533663,0.0492132,0.0449842,0.0406859,0.0363248,0.0319077,0.0274414,0.0229328,0.0183888,0.0138165,0.00922282,0.00461497,3.89661e-18,-0.00461497,-0.00922282,-0.0138165,-0.0183888,-0.0229328,-0.0274414,-0.0319077,-0.0363248,-0.0406859,-0.0449842,-0.0492132,-0.0533663,-0.0574372,-0.0614194,-0.065307,-0.0690938,-0.0727741,-0.0763423,-0.0797926,-0.08312,-0.0863192,-0.0893853,-0.0923136,-0.0950995,-0.0977388,-0.100227,-0.102561,-0.104737,-0.106752,-0.108602,-0.110284,-0.111796,-0.113136,-0.114302,-0.115291,-0.116102,-0.116735,-0.117187,-0.117459,-0.117549,-0.117459,-0.117187,-0.116735,-0.116102,-0.115291,-0.114302,-0.113136,-0.111796,-0.110284,-0.108602,-0.106752,-0.104737,-0.102561,-0.100227,-0.0977388,-0.0950995,-0.0923136,-0.0893853,-0.0863192,-0.08312,-0.0797926,-0.0763423,-0.0727741,-0.0690938,-0.065307,-0.0614194,-0.0574372,-0.0533663,-0.0492132,-0.0449842,-0.0406859,-0.0363248,-0.0319077,-0.0274414,-0.0229328,-0.0183888,-0.0138165,-0.00922282,-0.00461497,0
0,0.00308061,0.00615646,0.00922282,0.012275,0.0153082,0.0183178,0.0212992,0.0242477,0.0271588,0.0300281,0.032851,0.0356233,0.0383407,0.040999,0.043594,0.0461218,0.0485785,0.0509603,0.0532635,0.0554846,0.0576202,0.0596669,0.0616216,0.0634812,0.065243,0.0669042,0.0684623,0.0699147,0.0712594,0.0724942,0.0736172,0.0746267,0.0755211,0.0762991,0.0769594,0.0775011,0.0779232,0.0782252,0.0784066,0.0784671,0.0784066,0.0782252,0.0779232,0.0775011,0.0769594,0.0762991,0.0755211,0.0746267,0.0736172,0.0724942,0.0712594,0.0699147,0.0684623,0.0669042,0.065243,0.0634812,0.0616216,0.0596669,0.0576202,0.0554846,0.0532635,0.0509603,0.0485785,0.0461218,0.043594,0.040999,0.0383407,0.0356233,0.032851,0.0300281,0.0271588,0.0242477,0.0212992,0.0183178,0.0153082,0.012275,0.00922282,0.00615646,0.00308061,4.67233e-18,-0.00308061,-0.00615646,-0.00922282,-0.012275,-0.0153082,-0.0183178,-0.0212992,-0.0242477,-0.0271588,-0.0300281,-0.032851,-0.0356233,-0.0383407,-0.040999,-0.043594,-0.0461218,-0.0485785,-0.0509603,-0.0532635,-0.0554846,-0.0576202,-0.0596669,-0.0616216,-0.0634812,-0.065243,-0.0669042,-0.0684623,-0.0699147,-0.0712594,-0.0724942,-0.0736172,-0.0746267,-0.0755211,-0.0762991,-0.0769594,-0.0775011,-0.0779232,-0.0782252,-0.0784066,-0.0784671,-0.0784066,-0.0782252,-0.0779232,-0.0775011,-0.0769594,-0.0762991,-0.0755211,-0.0746267,-0.0736172,-0.0724942,-0.0712594,-0.0699147,-0.0684623,-0.0669042,-0.065243,-0.0634812,-0.0616216,-0.0596669,-0.0576202,-0.0554846,-0.0532635,-0.0509603,-0.0485785,-0.0461218,-0.043594,-0.040999,-0.0383407,-0.0356233,-0.032851,-0.0300281,-0.0271588,-0.0242477,-0.0212992,-0.0183178,-0.0153082,-0.012275,-0.00922282,-0.00615646,-0.00308061,0
0,0.00154149,0.00308061,0.00461497,0.00614222,0.00765999,0.00916596,0.0106578,0.0121332,0.0135899,0.0150256,0.0164382,0.0178254,0.0191851,0.0205153,0.0218138,0.0230787,0.024308,0.0254998,0.0266523,0.0277637,0.0288323,0.0298565,0.0308346,0.0317651,0.0326467,0.0334779,0.0342575,0.0349843,0.0356572,0.0362751,0.036837,0.0373421,0.0377897,0.038179,0.0385094,0.0387804,0.0389917,0.0391428,0.0392336,0.0392638,0.0392336,0.0391428,0.0389917,0.0387804,0.0385094,0.038179,0.0377897,0.0373421,0.036837,0.0362751,0.0356572,0.0349843,0.0342575,0.0334779,0.0326467,0.0317651,0.0308346,0.0298565,0.0288323,0.0277637,0.0266523,0.0254998,0.024308,0.0230787,0.0218138,0.0205153,0.0191851,0.0178254,0.0164382,0.0150256,0.0135899,0.0121332,0.0106578,0.00916596,0.00765999,0.00614222,0.00461497,0.00308061,0.00154149,1.19595e-18,-0.00154149,-0.00308061,-0.00461497,-0.00614222,-0.00765999,-0.00916596,-0.0106578,-0.0121332,-0.0135899,-0.0150256,-0.0164382,-0.0178254,-0.0191851,-0.0205153,-0.0218138,-0.0230787,-0.024308,-0.0254998,-0.0266523,-0.0277637,-0.0288323,-0.0298565,-0.0308346,-0.0317651,-0.0326467,-0.0334779,-0.0342575,-0.0349843,-0.0356572,-0.0362751,-0.036837,-0.0373421,-0.0377897,-0.038179,-0.0385094,-0.0387804,-0.0389917,-0.0391428,-0.0392336,-0.0392638,-0.0392336,-0.0391428,-0.0389917,-0.0387804,-0.0385094,-0.038179,-0.0377897,-0.0373421,-0.036837,-0.0362751,-0.0356572,-0.0349843,-0.0342575,-0.0334779,-0.0326467,-0.0317651,-0.0308346,-0.0298565,-0.0288323,-0.0277637,-0.0266523,-0.0254998,-0.024308,-0.0230787,-0.0218138,-0.0205153,-0.0191851,-0.0178254,-0.0164382,-0.0150256,-0.0135899,-0.0121332,-0.0106578,-0.00916596,-0.00765999,-0.00614222,-0.00461497,-0.00308061,-0.00154149,0
0,0,0,0,0,0,0,0,0,0,0,0,0,0,0,0,0,0,0,0,0,0,0,0,0,0,0,0,0,0,0,0,0,0,0,0,0,0,0,0,0,0,0,0,0,0,0,0,0,0,0,0,0,0,0,0,0,0,0,0,0,0,0,0,0,0,0,0,0,0,0,0,0,0,0,0,0,0,0,0,0,0,0,0,0,0,0,0,0,0,0,0,0,0,0,0,0,0,0,0,0,0,0,0,0,0,0,0,0,0,0,0,0,0,0,0,0,0,0,0,0,0,0,0,0,0,0,0,0,0,0,0,0,0,0,0,0,0,0,0,0,0,0,0,0,0,0,0,0,0,0,0,0,0,0,0,0,0,0,0,0
